	masa A						
t	x	y	vx	vy	v	theta	
0.000	-0.354	0.134				159.2
0.033	-0.340	0.103	0.598	-0.809	1.006	163.1
0.067	-0.314	8.051E-2	0.832	-0.610	1.032	165.6
0.100	-0.285	6.253E-2	0.950	-0.422	1.039	167.6
0.133	-0.251	5.237E-2	1.067	-0.106	1.072	168.2
0.167	-0.213	5.550E-2	1.137	0.293	1.174	165.4
0.200	-0.175	7.191E-2	0.985	0.727	1.224	157.7
0.233	-0.148	0.104	0.574	1.043	1.191	144.9
0.267	-0.137	0.141	0.188	1.149	1.164	134.0
0.300	-0.135	0.181	-0.223	1.243	1.263	126.8
0.333	-0.152	0.224	-0.645	1.137	1.307	124.1
0.367	-0.178	0.256	-1.043	0.797	1.313	124.8
0.400	-0.221	0.277	-1.325	0.399	1.384	128.6
0.433	-0.267	0.283	-1.243	-0.234	1.265	133.3
0.467	-0.304	0.262	-1.126	-0.915	1.450	139.3
0.500	-0.342	0.222	-0.786	-1.313	1.530	147.0
0.533	-0.356	0.174	-0.106	-1.477	1.481	153.9
0.567	-0.349	0.123	0.528	-1.360	1.459	160.5
0.600	-0.321	8.363E-2	1.137	-1.008	1.520	165.4
0.633	-0.273	5.628E-2	1.536	-0.446	1.599	168.3
0.667	-0.219	5.393E-2	1.512	0.270	1.536	166.2
0.700	-0.172	7.425E-2	1.208	0.915	1.515	156.6
0.733	-0.138	0.115	0.645	1.548	1.677	140.3
0.767	-0.129	0.177	-0.141	1.688	1.694	126.0
0.800	-0.148	0.227	-0.891	1.266	1.548	123.0
0.833	-0.188	0.262	-1.466	0.774	1.657	125.7
0.867	-0.245	0.279	-1.653	-2.345E-2	1.653	131.3
0.900	-0.299	0.260	-1.395	-0.961	1.694	138.9
0.933	-0.338	0.215	-0.739	-1.618	1.779	147.6
0.967	-0.348	0.152	0.141	-1.723	1.729	156.3
1.000	-0.329	0.100	0.997	-1.372	1.696	163.1
1.033	-0.281	6.097E-2	1.653	-0.657	1.779	167.8
1.067	-0.219	5.628E-2	1.864	0.387	1.904	165.6
1.100	-0.157	8.676E-2	1.348	1.313	1.882	151.1
1.133	-0.129	0.144	0.281	1.782	1.804	131.9
1.167	-0.138	0.206	-0.750	1.606	1.773	123.9
1.200	-0.179	0.251	-1.606	1.032	1.909	125.5
1.233	-0.245	0.274	-1.970	-4.690E-2	1.970	131.8
1.267	-0.310	0.248	-1.524	-1.219	1.952	141.4
1.300	-0.347	0.193	-0.457	-1.923	1.976	150.9
1.333	-0.341	0.120	0.645	-1.841	1.950	160.7
1.367	-0.304	7.035E-2	1.548	-1.102	1.900	167.0
1.400	-0.238	4.612E-2	2.134	5.862E-2	2.135	169.0
1.433	-0.162	7.425E-2	1.665	1.407	2.180	155.3
1.467	-0.127	0.140	0.340	2.075	2.103	132.1
1.500	-0.139	0.213	-1.020	1.876	2.135	123.2
1.533	-0.195	0.265	-1.958	0.739	2.093	126.3
1.567	-0.270	0.262	-2.017	-0.727	2.144	135.8
1.600	-0.329	0.217	-1.079	-1.759	2.063	146.7
1.633	-0.342	0.145	0.188	-2.040	2.049	157.1
1.667	-0.317	8.051E-2	1.337	-1.559	2.054	165.7
1.700	-0.252	4.064E-2	2.380	-0.188	2.387	170.9
1.733	-0.158	6.800E-2	1.899	1.536	2.443	156.7
1.767	-0.126	0.143	0.234	2.169	2.182	131.3
1.800	-0.142	0.213	-1.172	1.782	2.133	123.8
1.833	-0.204	0.262	-2.239	0.586	2.315	127.9
1.867	-0.292	0.252	-2.005	-1.219	2.347	139.2
1.900	-0.338	0.181	-0.586	-2.146	2.224	151.9
1.933	-0.331	0.109	0.985	-1.899	2.140	161.8
1.967	-0.272	5.393E-2	2.122	-0.832	2.280	168.8
2.000	-0.189	5.315E-2	2.192	1.008	2.413	164.3
2.033	-0.126	0.121	0.844	2.286	2.437	136.1
2.067	-0.133	0.206	-0.997	2.087	2.313	122.9
2.100	-0.192	0.260	-2.239	0.727	2.354	126.5
2.133	-0.282	0.254	-2.134	-1.079	2.391	138.0
2.167	-0.335	0.188	-0.703	-2.228	2.336	150.6
2.200	-0.329	0.106	0.915	-2.028	2.225	162.2
2.233	-0.274	5.315E-2	2.392	-0.645	2.477	169.0
2.267	-0.170	6.253E-2	2.263	1.372	2.646	159.8
2.300	-0.123	0.145	0.317	2.450	2.471	130.3
2.333	-0.149	0.226	-1.536	1.806	2.370	123.3
2.367	-0.225	0.265	-2.474	4.690E-2	2.474	130.3
2.400	-0.313	0.229	-1.747	-1.782	2.496	143.8
2.433	-0.342	0.146	8.207E-2	-2.345	2.346	156.8
2.467	-0.308	7.269E-2	1.829	-1.501	2.366	166.7
2.500	-0.220	4.612E-2	2.568	0.399	2.598	168.1
2.533	-0.137	9.927E-2	1.325	2.169	2.542	144.0
2.567	-0.131	0.191	-0.821	2.474	2.606	124.5
2.600	-0.191	0.264	-2.321	0.938	2.504	125.9
2.633	-0.286	0.253	-2.169	-1.325	2.542	138.5
2.667	-0.336	0.176	-0.539	-2.415	2.475	152.4
2.700	-0.322	9.223E-2	1.372	-1.993	2.420	164.0
2.733	-0.245	4.299E-2	2.732	-3.517E-2	2.732	170.0
2.767	-0.140	8.989E-2	1.782	2.157	2.798	147.3
2.800	-0.126	0.187	-0.551	2.486	2.546	124.0
2.833	-0.177	0.256	-2.333	1.020	2.546	124.6
2.867	-0.281	0.255	-2.462	-1.172	2.727	137.8
2.900	-0.341	0.177	-0.621	-2.497	2.573	152.5
2.933	-0.323	8.832E-2	1.548	-2.204	2.693	164.7
2.967	-0.238	3.048E-2	2.767	-0.129	2.770	172.7
3.000	-0.138	7.973E-2	1.770	2.216	2.836	150.0
3.033	-0.120	0.178	-0.610	2.579	2.650	123.9
3.067	-0.179	0.252	-2.544	1.055	2.754	125.4
3.100	-0.289	0.249	-2.439	-1.278	2.753	139.3
3.133	-0.342	0.166	-0.328	-2.720	2.740	154.0
3.167	-0.311	6.722E-2	1.782	-2.052	2.718	167.8
3.200	-0.223	2.970E-2	2.744	0.340	2.765	172.4
3.233	-0.128	8.989E-2	1.454	2.556	2.940	145.0
3.267	-0.126	0.200	-1.313	2.579	2.894	122.2
3.300	-0.216	0.262	-2.814	0.446	2.849	129.5
3.333	-0.313	0.230	-1.935	-1.911	2.719	143.8
3.367	-0.345	0.134	0.270	-2.626	2.640	158.7
3.400	-0.295	5.471E-2	2.427	-1.442	2.823	169.5
3.433	-0.183	3.830E-2	2.755	1.137	2.981	168.2
3.467	-0.112	0.131	0.481	2.955	2.993	130.6
3.500	-0.151	0.235	-2.087	2.005	2.894	122.7
3.533	-0.251	0.264	-2.849	-0.492	2.891	133.5
3.567	-0.341	0.202	-1.278	-2.474	2.784	149.3
3.600	-0.336	9.927E-2	1.255	-2.486	2.784	163.5
3.633	-0.257	3.674E-2	3.095	-0.270	3.107	171.9
3.667	-0.130	8.129E-2	2.110	2.087	2.968	147.9
3.700	-0.116	0.176	-0.727	2.673	2.770	123.5
3.733	-0.178	0.260	-2.603	1.219	2.874	124.5
3.767	-0.290	0.257	-2.568	-1.372	2.911	138.4
3.800	-0.349	0.168	-0.305	-2.790	2.807	154.3
3.833	-0.310	7.113E-2	2.181	-1.876	2.877	167.1
3.867	-0.204	4.299E-2	2.955	0.715	3.040	168.1
3.900	-0.113	0.119	1.055	2.779	2.972	133.6
3.933	-0.134	0.228	-1.829	2.228	2.882	120.4
3.967	-0.235	0.267	-2.861	-0.164	2.865	131.4
4.000	-0.324	0.217	-1.430	-2.462	2.847	146.2
4.033	-0.331	0.103	0.915	-2.615	2.770	162.7
4.067	-0.263	4.299E-2	2.931	-0.352	2.952	170.7
4.100	-0.135	7.973E-2	2.275	2.017	3.040	149.5
4.133	-0.112	0.177	-0.668	2.615	2.699	122.2
4.167	-0.180	0.254	-2.708	0.832	2.833	125.3
4.200	-0.292	0.233	-2.321	-1.665	2.857	141.5
4.233	-0.335	0.143	-0.117	-2.638	2.641	156.8
4.267	-0.300	5.706E-2	2.192	-1.548	2.684	169.2
4.300	-0.188	3.986E-2	2.755	1.020	2.938	168.1
4.333	-0.116	0.125	0.610	2.802	2.868	133.0
4.367	-0.148	0.227	-2.028	1.888	2.771	123.1
4.400	-0.252	0.251	-2.673	-0.750	2.776	135.1
4.433	-0.326	0.177	-1.055	-2.509	2.722	151.5
4.467	-0.322	8.363E-2	1.219	-2.263	2.570	165.4
4.500	-0.245	2.579E-2	2.802	-8.207E-2	2.803	174.0
4.533	-0.135	7.816E-2	1.759	2.474	3.035	150.0
4.567	-0.127	0.191	-1.161	2.638	2.882	123.7
4.600	-0.213	0.254	-2.767	0.481	2.808	129.9
4.633	-0.312	0.223	-1.899	-2.017	2.770	144.5
4.667	-0.339	0.120	0.563	-2.720	2.778	160.6
4.700	-0.274	4.143E-2	2.931	-0.961	3.085	171.4
4.733	-0.144	5.550E-2	2.415	1.665	2.933	158.9
4.767	-0.113	0.152	-0.387	2.673	2.701	126.6
4.800	-0.170	0.234	-2.380	1.372	2.747	126.0
4.833	-0.272	0.244	-2.579	-0.915	2.737	138.1
4.867	-0.342	0.173	-0.774	-2.650	2.760	153.2
4.900	-0.324	6.722E-2	1.747	-2.192	2.803	168.3
4.933	-0.225	2.658E-2	2.861	0.176	2.866	173.3
4.967	-0.133	7.894E-2	1.501	2.486	2.904	149.3
5.000	-0.125	0.192	-1.243	2.568	2.853	123.0
5.033	-0.216	0.250	-2.732	0.328	2.751	130.8
5.067	-0.307	0.214	-1.852	-1.935	2.678	145.1
5.100	-0.339	0.121	0.188	-2.673	2.680	160.3
5.133	-0.295	3.595E-2	2.263	-1.407	2.665	173.0
5.167	-0.188	2.736E-2	2.650	1.032	2.844	171.7
5.200	-0.118	0.105	0.610	2.638	2.708	138.4
5.233	-0.148	0.203	-1.981	2.017	2.827	126.0
5.267	-0.250	0.239	-2.814	-0.328	2.833	136.3
5.300	-0.335	0.181	-1.313	-2.251	2.606	151.6
5.333	-0.338	8.911E-2	0.973	-2.380	2.571	165.2
5.367	-0.270	2.267E-2	2.802	-0.469	2.841	175.2
5.400	-0.151	5.784E-2	2.310	1.794	2.924	159.0
5.433	-0.116	0.142	-0.188	2.544	2.551	129.3
5.467	-0.163	0.227	-2.216	1.395	2.619	125.7
5.500	-0.264	0.235	-2.462	-0.926	2.631	138.3
5.533	-0.328	0.166	-0.750	-2.486	2.596	153.2
5.567	-0.314	6.957E-2	1.372	-2.146	2.547	167.5
5.600	-0.236	2.267E-2	2.802	-3.517E-2	2.802	174.5
5.633	-0.127	6.722E-2	1.829	2.263	2.910	152.2
5.667	-0.114	0.174	-0.868	2.697	2.833	123.3
5.700	-0.185	0.247	-2.556	1.008	2.748	126.9
5.733	-0.285	0.241	-2.310	-1.208	2.606	139.8
5.767	-0.339	0.166	-0.586	-2.615	2.679	153.9
5.800	-0.324	6.644E-2	1.595	-2.134	2.664	168.4
5.833	-0.233	2.423E-2	2.732	0.141	2.735	174.1
5.867	-0.141	7.582E-2	1.583	2.415	2.888	151.8
5.900	-0.127	0.185	-0.715	2.650	2.745	124.5
5.933	-0.189	0.252	-2.509	0.915	2.670	126.8
5.967	-0.295	0.246	-2.404	-1.290	2.728	140.1
6.000	-0.349	0.166	-0.422	-2.556	2.591	154.5
6.033	-0.323	7.582E-2	1.747	-2.028	2.677	166.8
6.067	-0.233	3.127E-2	2.826	0.164	2.830	172.4
6.100	-0.134	8.676E-2	1.688	2.357	2.899	147.2
6.133	-0.120	0.188	-0.703	2.661	2.753	122.6
6.167	-0.181	0.264	-2.497	1.102	2.730	124.5
6.200	-0.287	0.262	-2.404	-1.114	2.649	137.6
6.233	-0.342	0.190	-0.657	-2.486	2.571	150.9
6.267	-0.331	9.614E-2	1.395	-2.204	2.609	163.8
6.300	-0.249	4.299E-2	2.790	-0.164	2.795	170.2
6.333	-0.145	8.520E-2	1.946	2.099	2.862	149.5
6.367	-0.119	0.183	-0.410	2.650	2.681	123.0
6.400	-0.172	0.262	-2.310	1.419	2.711	123.3
6.433	-0.273	0.277	-2.579	-0.715	2.677	134.5
6.467	-0.344	0.214	-1.208	-2.239	2.544	148.1
6.500	-0.353	0.128	0.915	-2.415	2.583	160.1
6.533	-0.283	5.315E-2	2.521	-1.032	2.724	169.4
6.567	-0.185	5.940E-2	2.286	1.313	2.637	162.2
6.600	-0.131	0.141	0.399	2.626	2.656	132.9
6.633	-0.159	0.234	-1.782	2.099	2.753	124.1
6.667	-0.249	0.281	-2.650	8.207E-2	2.651	131.6
6.700	-0.335	0.240	-1.723	-1.806	2.496	144.4
6.733	-0.364	0.160	0.188	-2.568	2.574	156.3
6.767	-0.323	6.878E-2	2.052	-1.782	2.718	168.0
6.800	-0.227	4.143E-2	2.661	0.410	2.693	169.7
6.833	-0.145	9.614E-2	1.325	2.450	2.786	146.5
6.867	-0.139	0.205	-0.844	2.521	2.658	124.2
6.900	-0.202	0.264	-2.251	0.903	2.425	127.4
6.933	-0.289	0.265	-2.275	-0.973	2.474	137.5
6.967	-0.353	0.199	-0.926	-2.404	2.576	150.6
7.000	-0.351	0.105	1.079	-2.321	2.560	163.4
7.033	-0.281	4.455E-2	2.603	-0.692	2.693	171.0
7.067	-0.177	5.862E-2	2.357	1.360	2.721	161.7
7.100	-0.124	0.135	0.399	2.556	2.587	132.6
7.133	-0.151	0.229	-1.653	2.134	2.699	123.4
7.167	-0.234	0.277	-2.532	0.258	2.546	130.2
7.200	-0.320	0.246	-1.841	-1.747	2.538	142.4
7.233	-0.357	0.161	0.000	-2.486	2.486	155.7
7.267	-0.320	8.051E-2	1.770	-1.688	2.446	165.9
7.300	-0.239	4.846E-2	2.544	-4.690E-2	2.545	168.5
7.333	-0.150	7.738E-2	1.723	1.888	2.556	152.7
7.367	-0.124	0.174	-0.246	2.673	2.684	125.5
7.400	-0.166	0.256	-1.876	1.548	2.432	123.1
7.433	-0.249	0.277	-2.450	-0.457	2.493	131.9
7.467	-0.330	0.225	-1.559	-1.970	2.512	145.7
7.500	-0.353	0.146	0.246	-2.404	2.416	157.5
7.533	-0.313	6.488E-2	1.899	-1.641	2.510	168.3
7.567	-0.227	3.674E-2	2.544	0.481	2.589	170.8
7.600	-0.144	9.692E-2	1.454	2.110	2.563	146.0
7.633	-0.130	0.177	-0.563	2.321	2.389	126.2
7.667	-0.181	0.252	-2.169	1.395	2.579	125.8
7.700	-0.274	0.270	-2.450	-0.504	2.502	135.4
7.733	-0.345	0.218	-1.337	-2.122	2.508	147.7
7.767	-0.363	0.129	0.422	-2.427	2.463	160.5
7.800	-0.317	5.628E-2	2.028	-1.430	2.482	169.9
7.833	-0.228	3.361E-2	2.556	0.504	2.605	171.6
7.867	-0.146	8.989E-2	1.430	2.298	2.707	148.4
7.900	-0.133	0.187	-0.574	2.427	2.494	125.4
7.933	-0.184	0.252	-2.028	1.290	2.404	126.2
7.967	-0.268	0.273	-2.427	-0.317	2.448	134.5
8.000	-0.346	0.231	-1.524	-1.864	2.408	146.3
8.033	-0.370	0.149	0.164	-2.450	2.456	158.1
8.067	-0.335	6.722E-2	1.876	-1.712	2.540	168.7
8.100	-0.245	3.439E-2	2.626	0.152	2.631	172.0
8.133	-0.160	7.738E-2	1.723	1.864	2.539	154.2
8.167	-0.130	0.159	-2.345E-2	2.474	2.474	129.3
8.200	-0.162	0.242	-1.630	1.759	2.398	123.7
8.233	-0.238	0.276	-2.392	-1.172E-2	2.392	130.8
8.267	-0.321	0.242	-1.876	-1.618	2.477	143.1
8.300	-0.363	0.168	-0.258	-2.239	2.254	155.2
8.333	-0.338	9.223E-2	1.407	-1.935	2.392	164.8
8.367	-0.270	3.908E-2	2.345	-0.598	2.420	171.8
8.400	-0.182	5.237E-2	2.099	1.126	2.381	164.0
8.433	-0.130	0.114	0.715	2.298	2.407	138.7
8.467	-0.134	0.206	-0.891	2.263	2.432	123.2
8.500	-0.189	0.265	-2.122	0.950	2.325	125.5
8.533	-0.276	0.269	-2.239	-0.727	2.354	135.7
8.567	-0.338	0.217	-1.196	-1.841	2.195	147.4
8.600	-0.356	0.146	0.352	-2.263	2.290	157.7
8.633	-0.315	6.566E-2	1.688	-1.618	2.338	168.2
8.667	-0.243	3.830E-2	2.427	0.141	2.431	171.0
8.700	-0.153	7.504E-2	1.794	1.606	2.408	153.9
8.733	-0.123	0.145	0.152	2.333	2.338	130.3
8.767	-0.143	0.231	-1.372	1.923	2.362	121.8
8.800	-0.215	0.274	-2.321	0.528	2.381	128.2
8.833	-0.298	0.266	-2.075	-1.008	2.307	138.3
8.867	-0.353	0.206	-0.903	-2.052	2.242	149.7
8.900	-0.358	0.129	0.516	-2.192	2.252	160.2
8.933	-0.319	6.019E-2	1.782	-1.383	2.256	169.3
8.967	-0.239	3.674E-2	2.380	0.234	2.392	171.3
9.000	-0.160	7.582E-2	1.606	1.548	2.231	154.7
9.033	-0.132	0.140	0.117	2.251	2.254	133.4
9.067	-0.152	0.226	-1.196	1.958	2.294	124.0
9.100	-0.212	0.270	-2.228	0.621	2.313	128.1
9.133	-0.301	0.267	-2.181	-0.879	2.351	138.4
9.167	-0.357	0.212	-1.043	-1.923	2.188	149.3
9.200	-0.370	0.139	0.293	-2.134	2.154	159.4
9.233	-0.338	6.957E-2	1.559	-1.548	2.197	168.4
9.267	-0.267	3.595E-2	2.310	-0.246	2.323	172.3
9.300	-0.184	5.315E-2	1.911	1.137	2.224	163.9
9.333	-0.139	0.112	0.633	2.099	2.192	141.2
9.367	-0.141	0.193	-0.645	2.099	2.196	126.2
9.400	-0.182	0.252	-1.723	1.219	2.111	125.9
9.433	-0.256	0.274	-2.169	-5.862E-2	2.170	133.1
9.467	-0.327	0.248	-1.606	-1.290	2.060	142.8
9.500	-0.363	0.188	-0.481	-1.993	2.050	152.6
9.533	-0.359	0.115	0.739	-1.946	2.082	162.2
9.567	-0.314	5.862E-2	1.852	-1.161	2.186	169.4
9.600	-0.235	3.752E-2	2.122	9.380E-2	2.124	170.9
9.633	-0.173	6.488E-2	1.559	1.360	2.069	159.4
9.667	-0.131	0.128	0.610	2.017	2.107	135.7
9.700	-0.132	0.199	-0.586	1.852	1.943	123.5
9.733	-0.170	0.252	-1.618	1.219	2.026	124.1
9.767	-0.240	0.281	-2.017	0.188	2.025	130.5
9.800	-0.305	0.264	-1.653	-1.008	1.936	139.1
9.833	-0.350	0.213	-0.809	-1.806	1.979	148.6
9.867	-0.359	0.144	0.270	-1.946	1.965	158.2
9.900	-0.332	8.363E-2	1.149	-1.419	1.826	165.9
9.933	-0.282	4.924E-2	1.911	-0.504	1.976	170.1
9.967	-0.205	5.002E-2	2.017	0.610	2.107	166.3
10.000	-0.148	8.989E-2	1.067	1.489	1.832	148.7
10.033	-0.134	0.149	8.207E-2	1.981	1.983	131.8
10.067	-0.142	0.222	-0.786	1.723	1.894	122.7
10.100	-0.186	0.264	-1.595	0.868	1.815	125.2
10.133	-0.249	0.280	-1.841	-1.172E-2	1.841	131.6
10.167	-0.309	0.263	-1.641	-1.008	1.926	139.5
10.200	-0.358	0.213	-0.915	-1.677	1.910	149.3
10.233	-0.370	0.152	0.106	-1.817	1.820	157.7
10.267	-0.351	9.145E-2	0.903	-1.559	1.802	165.4
10.300	-0.310	4.768E-2	1.548	-0.821	1.752	171.2
10.333	-0.248	3.674E-2	1.935	0.117	1.938	171.6
10.367	-0.181	5.550E-2	1.559	0.985	1.844	162.9
10.400	-0.144	0.102	0.797	1.489	1.689	144.6
10.433	-0.127	0.155	-7.035E-2	1.641	1.643	129.5
10.467	-0.149	0.212	-0.832	1.419	1.645	125.0
10.500	-0.183	0.249	-1.360	0.915	1.639	126.3
10.533	-0.239	0.273	-1.630	0.188	1.640	131.2
10.567	-0.292	0.262	-1.489	-0.727	1.657	138.1
10.600	-0.338	0.224	-1.126	-1.360	1.765	146.5
10.633	-0.367	0.171	-0.328	-1.571	1.605	155.0
10.667	-0.360	0.120	0.457	-1.454	1.524	161.6
10.700	-0.336	7.425E-2	1.032	-1.149	1.544	167.5
10.733	-0.292	4.299E-2	1.466	-0.633	1.596	171.6
10.767	-0.238	3.205E-2	1.595	5.862E-2	1.596	172.3
10.800	-0.185	4.690E-2	1.372	0.750	1.564	165.8
10.833	-0.147	8.207E-2	0.961	1.219	1.553	150.8
10.867	-0.121	0.128	0.375	1.466	1.513	133.4
10.900	-0.122	0.180	-0.305	1.536	1.566	124.1
10.933	-0.141	0.231	-0.879	1.348	1.610	121.5
10.967	-0.181	0.270	-1.301	0.797	1.526	123.8
11.000	-0.228	0.284	-1.442	0.117	1.447	128.8
11.033	-0.277	0.277	-1.313	-0.504	1.407	134.9
11.067	-0.316	0.250	-1.008	-0.950	1.385	141.6
11.100	-0.344	0.214	-0.680	-1.149	1.335	148.1
11.133	-0.361	0.174	-0.176	-1.372	1.383	154.3
11.167	-0.356	0.123	0.422	-1.360	1.424	161.0
11.200	-0.333	8.285E-2	0.915	-1.032	1.379	166.0
11.233	-0.295	5.393E-2	1.149	-0.598	1.295	169.6
11.267	-0.256	4.299E-2	1.208	-0.164	1.219	170.5
11.300	-0.214	4.299E-2	1.208	0.281	1.240	168.6
11.333	-0.176	6.175E-2	0.950	0.692	1.175	160.7
11.367	-0.151	8.911E-2	0.645	0.903	1.109	149.4
11.400	-0.133	0.122	0.352	1.090	1.146	137.5
11.433	-0.127	0.162	5.862E-2	1.208	1.209	128.2
11.467	-0.129	0.202	-0.234	1.008	1.035	122.5
11.500	-0.143	0.229	-0.703	0.891	1.135	122.0
11.533	-0.176	0.262	-0.832	0.727	1.105	123.9
11.567	-0.199	0.277	-0.832	0.328	0.895	125.6
11.600	-0.231	0.284	-1.020	4.690E-2	1.021	129.2
11.633	-0.267	0.281	-0.985	-0.164	0.998	133.5
11.667	-0.297	0.273	-0.821	-0.422	0.923	137.4
11.700	-0.321	0.252	-0.657	-0.680	0.945	141.8
11.733	-0.341	0.227	-0.457	-0.797	0.919	146.3
11.767	-0.352	0.199	-0.188	-0.844	0.865	150.5
11.800	-0.353	0.171	-2.345E-2	-0.797	0.798	154.1
11.833	-0.353	0.146	1.172E-2	-0.750	0.750	157.5
11.867	-0.353	0.121	0.293	-0.657	0.719	161.0
11.900	-0.334	0.102	0.410	-0.586	0.716	162.9
11.933	-0.325	8.207E-2	0.457	-0.563	0.725	165.8
11.967	-0.303	6.488E-2	0.574	-0.363	0.680	167.9
12.000	-0.287	5.784E-2	0.504	-0.188	0.538	168.6
12.033	-0.270	5.237E-2	0.492	-0.129	0.509	169.0
12.067	-0.254	4.924E-2	0.481	-4.690E-2	0.483	169.0
12.100	-0.238	4.924E-2	0.481	2.345E-2	0.481	168.3
12.133	-0.222	5.081E-2	0.457	4.690E-2	0.460	167.1
12.167	-0.207	5.237E-2	0.410	7.035E-2	0.416	165.8
12.200	-0.195	5.550E-2	0.352	0.141	0.379	164.1
12.233	-0.184	6.175E-2	0.246	0.188	0.310	161.4
12.267	-0.178	6.800E-2	0.211	0.129	0.247	159.1
12.300	-0.170	7.035E-2	0.246	0.164	0.296	157.5
12.333	-0.162	7.894E-2	0.164	0.152	0.224	154.0
12.367	-0.159	8.051E-2	3.517E-2	9.380E-2	0.100	153.1
12.400	-0.159	8.520E-2	-1.172E-2	7.035E-2	7.132E-2	151.9
12.433	-0.159	8.520E-2	8.207E-2	9.380E-2	0.125	151.9
12.467	-0.154	9.145E-2	8.207E-2	0.141	0.163	149.3
12.500	-0.154	9.458E-2	4.690E-2	4.690E-2	6.632E-2	148.4
12.533	-0.151	9.458E-2	-2.345E-2	-7.035E-2	7.415E-2	147.9
12.567	-0.156	8.989E-2	-4.690E-2	-7.035E-2	8.455E-2	150.0
12.600	-0.154	8.989E-2	-0.117	-4.690E-2	0.126	149.7
12.633	-0.163	8.676E-2	-0.176	-5.862E-2	0.185	152.0
12.667	-0.166	8.598E-2	-0.141	-9.380E-2	0.169	152.6
12.700	-0.173	8.051E-2	-0.176	-0.117	0.211	155.0
12.733	-0.177	7.816E-2	-0.176	-0.117	0.211	156.2
12.767	-0.184	7.269E-2	-0.258	-0.141	0.294	158.5
12.800	-0.195	6.878E-2	-0.305	-0.152	0.341	160.5
12.833	-0.205	6.253E-2	-0.363	-0.152	0.394	163.0
12.867	-0.219	5.862E-2	-0.399	-0.164	0.431	165.0
12.900	-0.231	5.159E-2	-0.481	-9.380E-2	0.490	167.4
12.933	-0.251	5.237E-2	-0.586	5.862E-2	0.589	168.2
12.967	-0.270	5.550E-2	-0.610	0.141	0.626	168.4
13.000	-0.292	6.175E-2	-0.551	0.305	0.630	168.0
13.033	-0.307	7.582E-2	-0.469	0.469	0.663	166.1
13.067	-0.323	9.301E-2	-0.422	0.633	0.761	163.9
13.100	-0.335	0.118	-0.328	0.786	0.851	160.6
13.133	-0.345	0.145	-0.141	0.868	0.879	157.1
13.167	-0.345	0.176	0.141	0.997	1.006	153.0
13.200	-0.335	0.212	0.422	0.961	1.050	147.7
13.233	-0.317	0.240	0.610	0.797	1.004	142.8
13.267	-0.295	0.265	0.903	0.528	1.046	138.0
13.300	-0.256	0.275	1.114	0.188	1.130	133.0
13.333	-0.220	0.277	1.090	-9.380E-2	1.094	128.5
13.367	-0.184	0.269	0.938	-0.422	1.029	124.3
13.400	-0.158	0.249	0.762	-0.750	1.069	122.3
13.433	-0.133	0.219	0.645	-0.926	1.129	121.3
13.467	-0.115	0.188	0.199	-0.809	0.833	121.5
13.500	-0.120	0.165	-4.690E-2	-0.868	0.869	125.9
13.533	-0.118	0.130	-0.469	-1.278	1.361	132.3
13.567	-0.151	7.973E-2	-1.079	-1.102	1.542	152.1
13.600	-0.190	5.628E-2	-1.255	-0.492	1.348	163.5
13.633	-0.234	4.690E-2	-1.383	7.035E-2	1.385	168.7
13.667	-0.282	6.097E-2	-1.313	0.762	1.518	167.8
13.700	-0.322	9.770E-2	-0.879	1.442	1.689	163.1
13.733	-0.341	0.157	-0.152	1.852	1.859	155.2
13.767	-0.332	0.221	0.832	1.524	1.737	146.3
13.800	-0.285	0.259	1.524	0.809	1.726	137.8
13.833	-0.231	0.275	1.688	4.690E-2	1.689	130.0
13.867	-0.173	0.262	1.512	-0.692	1.663	123.4
13.900	-0.130	0.229	0.985	-1.290	1.623	119.5
13.933	-0.107	0.176	0.328	-1.395	1.433	121.3
13.967	-0.108	0.136	-0.539	-1.489	1.584	128.4
14.000	-0.143	7.660E-2	-1.337	-1.360	1.907	151.8
14.033	-0.197	4.533E-2	-1.794	-0.422	1.843	167.0
14.067	-0.263	4.846E-2	-1.864	0.727	2.001	169.5
14.100	-0.321	9.380E-2	-1.079	1.841	2.133	163.7
14.133	-0.335	0.171	0.328	2.181	2.205	152.9
14.167	-0.299	0.239	1.559	1.501	2.164	141.4
14.200	-0.231	0.271	2.040	0.234	2.053	130.4
14.233	-0.163	0.255	1.688	-1.055	1.991	122.7
14.267	-0.118	0.201	0.786	-1.817	1.980	120.4
14.300	-0.111	0.134	-0.176	-1.712	1.721	129.7
14.333	-0.130	8.676E-2	-1.255	-1.325	1.825	146.2
14.367	-0.195	4.533E-2	-2.146	-0.469	2.196	166.9
14.400	-0.273	5.550E-2	-1.970	1.043	2.229	168.5
14.433	-0.326	0.115	-0.703	2.298	2.403	160.6
14.467	-0.320	0.209	1.055	2.204	2.444	146.9
14.500	-0.256	0.262	2.228	0.809	2.370	134.3
14.533	-0.171	0.263	2.087	-0.797	2.234	123.1
14.567	-0.116	0.209	1.043	-1.829	2.106	119.2
14.600	-0.102	0.141	-0.281	-2.017	2.036	125.8
14.633	-0.135	7.425E-2	-1.548	-1.407	2.092	151.2
14.667	-0.205	4.690E-2	-2.380	-7.035E-2	2.381	167.1
14.700	-0.294	6.957E-2	-1.876	1.653	2.500	166.7
14.733	-0.330	0.157	0.129	2.650	2.653	154.5
14.767	-0.285	0.246	2.122	1.618	2.669	139.2
14.800	-0.188	0.265	2.439	-0.328	2.461	125.4
14.833	-0.123	0.224	1.325	-1.794	2.230	118.7
14.867	-0.100	0.145	-0.152	-2.239	2.245	124.5
14.900	-0.133	7.504E-2	-1.665	-1.536	2.265	150.5
14.933	-0.211	4.299E-2	-2.521	0.106	2.523	168.5
14.967	-0.301	8.207E-2	-1.630	2.169	2.713	164.7
15.000	-0.320	0.188	0.844	2.708	2.837	149.6
15.033	-0.245	0.263	2.532	0.868	2.677	133.0
15.067	-0.151	0.245	2.110	-1.243	2.449	121.6
15.100	-0.104	0.180	0.586	-2.075	2.156	120.0
15.133	-0.112	0.107	-1.184	-2.040	2.359	136.2
15.167	-0.183	4.377E-2	-2.615	-0.657	2.696	166.5
15.200	-0.286	6.331E-2	-2.169	1.864	2.860	167.5
15.233	-0.328	0.168	0.410	2.955	2.983	152.8
15.267	-0.259	0.260	2.556	1.372	2.901	134.8
15.300	-0.157	0.260	2.368	-1.149	2.632	121.2
15.333	-0.101	0.184	0.645	-2.427	2.511	118.8
15.367	-0.114	9.770E-2	-1.266	-2.110	2.461	139.4
15.400	-0.185	4.299E-2	-2.697	-0.281	2.711	166.9
15.433	-0.294	7.894E-2	-1.981	2.192	2.955	165.0
15.467	-0.317	0.189	1.067	2.802	2.998	149.2
15.500	-0.223	0.266	2.720	0.715	2.813	130.0
15.533	-0.136	0.237	1.829	-1.794	2.562	119.9
15.567	-0.101	0.146	-3.517E-2	-2.579	2.580	124.6
15.600	-0.138	6.488E-2	-2.146	-1.606	2.680	154.9
15.633	-0.244	3.908E-2	-2.685	0.844	2.814	170.9
15.667	-0.317	0.121	-0.621	3.025	3.088	159.1
15.700	-0.285	0.241	2.556	2.075	3.292	139.8
15.733	-0.147	0.260	2.802	-0.856	2.930	119.5
15.767	-9.849E-2	0.184	0.610	-2.321	2.400	118.2
15.800	-0.106	0.105	-1.395	-2.157	2.569	135.4
15.833	-0.191	3.986E-2	-3.037	-0.317	3.053	168.2
15.867	-0.309	8.363E-2	-1.806	2.697	3.245	164.8
15.900	-0.312	0.220	1.407	2.861	3.188	144.8
15.933	-0.215	0.274	3.259	-0.258	3.270	128.1
15.967	-9.458E-2	0.202	1.677	-2.579	3.076	115.0
16.000	-0.103	0.102	-1.536	-2.439	2.882	135.2
16.033	-0.197	3.986E-2	-3.095	-0.352	3.115	168.6
16.067	-0.310	7.894E-2	-2.075	1.970	2.861	165.7
16.100	-0.335	0.171	1.372	2.884	3.194	153.0
16.133	-0.218	0.271	3.236	0.891	3.356	128.8
16.167	-0.120	0.231	1.852	-2.298	2.952	117.4
16.200	-9.458E-2	0.118	-0.598	-2.697	2.762	128.7
16.233	-0.159	5.081E-2	-2.685	-0.903	2.833	162.3
16.267	-0.274	5.784E-2	-2.450	1.700	2.982	168.1
16.300	-0.323	0.164	0.680	3.154	3.226	153.0
16.333	-0.228	0.268	3.119	0.786	3.216	130.4
16.367	-0.115	0.217	1.970	-2.228	2.974	118.0
16.400	-9.692E-2	0.120	-1.020	-2.603	2.796	129.0
16.433	-0.183	4.299E-2	-3.037	-0.234	3.046	166.8
16.467	-0.299	0.104	-1.864	2.450	3.079	160.9
16.500	-0.307	0.206	2.005	2.204	2.980	146.1
16.533	-0.166	0.251	3.060	-0.457	3.094	123.4
16.567	-0.103	0.176	0.727	-2.427	2.533	120.4
16.600	-0.117	8.911E-2	-1.841	-2.017	2.730	142.8
16.633	-0.226	4.143E-2	-2.908	0.750	3.003	169.6
16.667	-0.311	0.139	-2.345E-2	3.271	3.271	155.9
16.700	-0.227	0.260	3.025	1.149	3.236	131.2
16.733	-0.109	0.216	1.981	-1.888	2.737	116.9
16.767	-9.536E-2	0.134	-0.586	-2.345	2.417	125.5
16.800	-0.149	5.940E-2	-2.919	-0.938	3.066	158.2
16.833	-0.290	7.113E-2	-2.462	1.852	3.081	166.2
16.867	-0.313	0.183	0.997	2.919	3.085	149.7
16.900	-0.224	0.266	3.166	0.492	3.204	130.1
16.933	-0.102	0.216	1.712	-2.615	3.125	115.2
16.967	-0.109	9.145E-2	-1.782	-2.615	3.164	140.1
17.000	-0.220	4.143E-2	-3.107	0.680	3.181	169.4
17.033	-0.317	0.137	-0.563	3.084	3.134	156.6
17.067	-0.258	0.247	2.673	1.595	3.113	136.2
17.100	-0.138	0.243	2.380	-1.700	2.925	119.6
17.133	-9.927E-2	0.134	9.380E-2	-2.673	2.675	126.6
17.167	-0.132	6.488E-2	-2.661	-0.809	2.782	153.8
17.200	-0.277	7.973E-2	-2.650	1.653	3.123	163.9
17.233	-0.309	0.175	1.442	2.755	3.110	150.4
17.267	-0.181	0.263	3.130	0.188	3.136	124.4
17.300	-0.100	0.188	0.903	-2.673	2.822	118.1
17.333	-0.120	8.520E-2	-1.899	-2.181	2.892	144.7
17.367	-0.227	4.221E-2	-2.849	1.008	3.022	169.5
17.400	-0.310	0.152	-0.188	3.142	3.148	153.8
17.433	-0.239	0.252	2.814	1.172	3.048	133.5
17.467	-0.123	0.231	2.146	-1.665	2.716	118.0
17.500	-9.614E-2	0.141	-0.375	-2.720	2.746	124.3
17.533	-0.148	4.924E-2	-3.013	-0.750	3.105	161.6
17.567	-0.297	9.067E-2	-2.099	2.509	3.271	163.0
17.600	-0.288	0.217	1.864	2.568	3.173	143.0
17.633	-0.173	0.262	2.908	-0.551	2.959	123.4
17.667	-9.380E-2	0.180	0.856	-2.697	2.829	117.6
17.700	-0.116	8.207E-2	-2.122	-2.052	2.952	144.6
17.733	-0.235	4.299E-2	-2.896	1.301	3.175	169.6
17.767	-0.309	0.169	0.270	3.166	3.177	151.3
17.800	-0.217	0.254	2.767	0.797	2.880	130.5
17.833	-0.124	0.222	1.723	-2.017	2.653	119.2
17.867	-0.102	0.120	-0.868	-2.779	2.911	130.6
17.900	-0.182	3.674E-2	-2.931	-0.422	2.961	168.6
17.933	-0.298	9.145E-2	-1.290	2.802	3.085	162.9
17.967	-0.268	0.224	2.017	2.333	3.084	140.2
18.000	-0.163	0.247	2.603	-0.809	2.726	123.5
18.033	-9.458E-2	0.170	0.457	-2.685	2.724	119.1
18.067	-0.133	6.800E-2	-2.521	-1.806	3.101	152.9
18.100	-0.263	4.924E-2	-2.556	1.712	3.076	169.4
18.133	-0.303	0.182	0.727	2.990	3.077	149.0
18.167	-0.214	0.249	2.638	0.399	2.668	130.7
18.200	-0.127	0.209	1.606	-2.239	2.756	121.4
18.233	-0.107	9.927E-2	-0.926	-2.661	2.818	137.2
18.267	-0.189	3.127E-2	-2.990	0.234	2.999	170.6
18.300	-0.306	0.115	-1.208	2.767	3.019	159.4
18.333	-0.270	0.216	2.169	1.841	2.845	141.3
18.367	-0.162	0.238	2.626	-0.832	2.755	124.3
18.400	-9.458E-2	0.160	0.399	-2.650	2.680	120.6
18.433	-0.135	6.097E-2	-2.392	-1.782	2.983	155.7
18.467	-0.254	4.143E-2	-2.673	1.313	2.978	170.7
18.500	-0.313	0.149	0.563	3.025	3.077	154.6
18.533	-0.217	0.243	2.802	0.891	2.940	131.7
18.567	-0.127	0.208	1.782	-1.688	2.455	121.3
18.600	-9.770E-2	0.131	-0.645	-2.568	2.647	126.8
18.633	-0.170	3.674E-2	-3.095	-0.446	3.127	167.8
18.667	-0.304	0.101	-1.571	2.685	3.111	161.7
18.700	-0.274	0.216	2.087	2.087	2.951	141.8
18.733	-0.165	0.240	2.615	-0.856	2.751	124.5
18.767	-0.100	0.159	0.516	-2.685	2.734	122.2
18.800	-0.131	6.097E-2	-2.028	-1.782	2.700	155.0
18.833	-0.235	3.986E-2	-2.697	0.727	2.793	170.4
18.867	-0.310	0.109	-0.516	2.802	2.849	160.6
18.900	-0.270	0.227	2.497	1.806	3.082	140.0
18.933	-0.144	0.230	2.532	-1.114	2.767	122.0
18.967	-0.101	0.152	0.152	-2.450	2.455	123.5
19.000	-0.134	6.644E-2	-2.392	-1.618	2.888	153.6
19.033	-0.260	4.455E-2	-2.744	1.243	3.012	170.3
19.067	-0.317	0.149	0.363	2.990	3.012	154.8
19.100	-0.236	0.244	2.521	1.266	2.821	134.1
19.133	-0.149	0.234	2.028	-1.466	2.502	122.4
19.167	-0.101	0.146	-4.690E-2	-2.685	2.685	124.6
19.200	-0.152	5.471E-2	-2.568	-1.290	2.873	160.2
19.233	-0.272	6.019E-2	-2.286	1.958	3.010	167.5
19.267	-0.304	0.185	0.633	2.943	3.010	148.6
19.300	-0.230	0.256	2.814	0.422	2.845	131.9
19.333	-0.116	0.213	1.888	-1.852	2.645	118.6
19.367	-0.104	0.133	-0.657	-2.392	2.480	128.0
19.400	-0.160	5.393E-2	-2.626	-1.126	2.857	161.4
19.433	-0.279	5.784E-2	-2.345	1.806	2.959	168.3
19.467	-0.317	0.174	0.832	3.013	3.126	151.2
19.500	-0.224	0.259	2.802	0.750	2.901	130.8
19.533	-0.130	0.224	1.747	-1.829	2.529	120.0
19.567	-0.107	0.137	-0.223	-2.392	2.402	128.1
19.600	-0.145	6.488E-2	-2.650	-1.126	2.879	155.8
19.633	-0.284	6.175E-2	-2.544	1.653	3.034	167.7
19.667	-0.314	0.175	0.797	2.908	3.015	150.9
19.700	-0.231	0.256	2.673	0.809	2.793	132.1
19.733	-0.136	0.229	1.946	-1.559	2.494	120.7
19.767	-0.101	0.152	-5.862E-2	-2.462	2.463	123.6
19.800	-0.140	6.488E-2	-2.380	-1.524	2.826	155.1
19.833	-0.260	5.002E-2	-2.603	0.809	2.726	169.1
19.867	-0.313	0.119	5.862E-2	2.861	2.861	159.2
19.900	-0.256	0.241	2.603	1.723	3.122	136.7
19.933	-0.140	0.234	2.321	-1.137	2.585	120.9
19.967	-0.101	0.165	0.152	-2.357	2.362	121.4
20.000	-0.130	7.660E-2	-2.005	-1.829	2.714	149.4
20.033	-0.234	4.299E-2	-2.720	0.539	2.773	169.6
20.067	-0.311	0.113	-0.680	2.814	2.895	160.1
20.100	-0.280	0.231	2.216	2.075	3.036	140.5
20.133	-0.163	0.251	2.591	-0.610	2.662	123.1
20.167	-0.107	0.190	0.692	-2.275	2.377	119.4
20.200	-0.117	9.927E-2	-1.301	-2.251	2.600	139.7
20.233	-0.194	3.986E-2	-2.732	-0.281	2.746	168.4
20.267	-0.299	8.051E-2	-1.829	2.204	2.864	164.9
20.300	-0.316	0.187	1.278	2.603	2.900	149.4
20.333	-0.214	0.254	2.661	0.492	2.707	130.1
20.367	-0.138	0.220	1.524	-1.512	2.147	122.2
20.400	-0.113	0.153	-0.188	-2.415	2.423	126.3
20.433	-0.151	5.862E-2	-2.028	-1.794	2.708	158.8
20.467	-0.248	3.361E-2	-2.380	0.516	2.435	172.3
20.500	-0.310	9.301E-2	-0.469	2.861	2.899	163.3
20.533	-0.279	0.224	1.946	2.263	2.985	141.2
20.567	-0.180	0.244	2.415	-0.586	2.485	126.4
20.600	-0.118	0.185	0.762	-2.486	2.600	122.5
20.633	-0.129	7.816E-2	-1.055	-2.239	2.476	148.8
20.667	-0.188	3.595E-2	-2.251	-0.375	2.282	169.2
20.700	-0.279	5.315E-2	-1.946	1.864	2.695	169.2
20.733	-0.318	0.160	0.410	2.802	2.832	153.3
20.767	-0.252	0.240	2.404	1.126	2.654	136.4
20.800	-0.158	0.235	2.122	-1.266	2.471	123.9
20.833	-0.110	0.156	0.152	-2.556	2.560	125.3
20.867	-0.148	6.488E-2	-1.688	-1.735	2.421	156.3
20.900	-0.223	3.986E-2	-2.204	0.129	2.208	169.9
20.933	-0.295	7.347E-2	-1.208	2.310	2.606	166.0
20.967	-0.303	0.194	1.149	2.697	2.931	147.4
21.000	-0.218	0.253	2.673	0.223	2.682	130.7
21.033	-0.125	0.209	1.653	-1.477	2.217	120.9
21.067	-0.108	0.155	-0.328	-2.110	2.136	124.9
21.100	-0.147	6.800E-2	-1.864	-1.700	2.523	155.2
21.133	-0.232	4.143E-2	-2.404	0.328	2.426	169.9
21.167	-0.307	8.989E-2	-1.172	2.427	2.695	163.7
21.200	-0.310	0.203	1.043	2.310	2.534	146.8
21.233	-0.238	0.244	2.486	0.164	2.491	134.3
21.267	-0.145	0.214	1.864	-1.512	2.401	124.0
21.300	-0.113	0.143	1.172E-2	-2.216	2.216	128.4
21.333	-0.144	6.644E-2	-1.536	-1.618	2.231	155.2
21.367	-0.216	3.517E-2	-2.568	0.317	2.587	170.7
21.400	-0.315	8.754E-2	-1.466	2.192	2.637	164.5
21.433	-0.313	0.181	0.915	2.263	2.441	149.9
21.467	-0.254	0.238	2.415	0.680	2.509	136.8
21.500	-0.152	0.227	2.169	-1.196	2.477	123.9
21.533	-0.109	0.159	0.399	-2.192	2.228	124.6
21.567	-0.126	8.051E-2	-1.008	-1.782	2.048	147.4
21.600	-0.177	3.986E-2	-2.275	-0.446	2.318	167.3
21.633	-0.277	5.081E-2	-2.146	1.501	2.618	169.6
21.667	-0.320	0.140	4.690E-2	2.685	2.685	156.4
21.700	-0.274	0.230	2.064	1.688	2.666	140.1
21.733	-0.182	0.252	2.286	-0.504	2.341	125.8
21.767	-0.122	0.196	1.114	-1.747	2.072	121.9
21.800	-0.108	0.136	-0.246	-1.864	1.880	128.4
21.833	-0.138	7.191E-2	-1.712	-1.383	2.201	152.5
21.867	-0.222	4.377E-2	-2.298	5.862E-2	2.299	168.8
21.900	-0.292	7.582E-2	-1.466	1.935	2.427	165.4
21.933	-0.320	0.173	0.563	2.650	2.709	151.6
21.967	-0.254	0.252	2.415	1.020	2.622	135.2
22.000	-0.159	0.241	2.110	-0.961	2.319	123.4
22.033	-0.113	0.188	0.703	-1.782	1.916	121.0
22.067	-0.112	0.122	-0.598	-1.981	2.070	132.5
22.100	-0.153	5.628E-2	-1.923	-1.278	2.309	159.8
22.133	-0.240	3.674E-2	-2.310	0.281	2.327	171.3
22.167	-0.307	7.504E-2	-1.208	1.970	2.310	166.3
22.200	-0.320	0.168	0.715	2.497	2.598	152.3
22.233	-0.260	0.242	2.157	1.196	2.467	137.1
22.267	-0.177	0.248	2.099	-0.598	2.182	125.5
22.300	-0.120	0.202	1.079	-1.829	2.123	120.7
22.333	-0.105	0.126	-0.141	-1.817	1.823	129.8
22.367	-0.129	8.051E-2	-1.419	-1.383	1.982	148.0
22.400	-0.199	3.361E-2	-2.122	-0.422	2.164	170.4
22.433	-0.270	5.237E-2	-1.806	1.325	2.239	169.0
22.467	-0.320	0.122	-0.645	2.239	2.330	159.1
22.500	-0.313	0.202	1.231	1.923	2.283	147.2
22.533	-0.238	0.250	2.239	0.750	2.362	133.5
22.567	-0.164	0.252	1.806	-0.621	1.910	123.1
22.600	-0.117	0.209	0.903	-1.630	1.863	119.3
22.633	-0.104	0.143	-0.129	-1.806	1.810	126.0
22.667	-0.126	8.832E-2	-1.032	-1.430	1.764	144.9
22.700	-0.173	4.768E-2	-1.829	-0.727	1.968	164.6
22.733	-0.248	3.986E-2	-1.970	0.481	2.028	170.9
22.767	-0.304	7.973E-2	-1.172	1.688	2.055	165.3
22.800	-0.326	0.152	0.188	2.157	2.165	154.9
22.833	-0.292	0.224	1.466	1.559	2.140	142.5
22.867	-0.228	0.256	1.876	0.387	1.915	131.7
22.900	-0.166	0.249	1.630	-0.680	1.766	123.7
22.933	-0.120	0.211	0.938	-1.442	1.720	119.5
22.967	-0.104	0.153	5.862E-2	-1.677	1.678	124.2
23.000	-0.116	9.927E-2	-0.633	-1.372	1.511	139.4
23.033	-0.146	6.175E-2	-1.231	-0.973	1.569	157.1
23.067	-0.198	3.439E-2	-1.794	-0.281	1.816	170.1
23.100	-0.266	4.299E-2	-1.524	0.727	1.689	170.8
23.133	-0.299	8.285E-2	-0.844	1.571	1.784	164.5
23.167	-0.322	0.148	-2.345E-2	1.935	1.935	155.4
23.200	-0.301	0.212	1.102	1.477	1.843	144.9
23.233	-0.249	0.246	1.653	0.680	1.788	135.3
23.267	-0.191	0.257	1.606	-5.862E-2	1.607	126.6
23.300	-0.141	0.242	1.102	-0.586	1.248	120.3
23.333	-0.117	0.218	0.610	-1.020	1.188	118.3
23.367	-0.101	0.174	0.199	-1.278	1.293	120.0
23.400	-0.104	0.133	-0.305	-1.243	1.280	128.0
23.433	-0.121	9.145E-2	-0.668	-1.043	1.239	143.0
23.467	-0.149	6.331E-2	-0.950	-0.739	1.203	156.9
23.500	-0.184	4.221E-2	-1.161	-0.399	1.227	167.1
23.533	-0.226	3.674E-2	-1.301	0.117	1.307	170.8
23.567	-0.271	5.002E-2	-1.172	0.668	1.350	169.5
23.600	-0.304	8.129E-2	-0.739	1.090	1.317	165.0
23.633	-0.320	0.123	-0.363	1.149	1.205	159.0
23.667	-0.328	0.158	0.117	1.196	1.202	154.3
23.700	-0.313	0.202	0.598	1.149	1.295	147.1
23.733	-0.288	0.234	0.879	0.750	1.156	140.9
23.767	-0.254	0.252	0.997	0.457	1.096	135.2
23.800	-0.222	0.265	1.032	0.199	1.051	130.0
23.833	-0.185	0.266	0.997	-0.199	1.016	124.9
23.867	-0.156	0.252	0.703	-0.363	0.792	121.7
23.900	-0.138	0.242	0.563	-0.574	0.804	119.8
23.933	-0.118	0.213	0.457	-0.750	0.879	118.9
23.967	-0.108	0.191	0.246	-0.621	0.668	119.4
24.000	-0.102	0.172	4.690E-2	-0.692	0.693	120.6
24.033	-0.105	0.145	-0.106	-0.692	0.700	125.8
24.067	-0.109	0.126	-0.258	-0.703	0.749	130.8
24.100	-0.122	9.849E-2	-0.328	-0.563	0.652	141.1
24.133	-0.131	8.832E-2	-0.293	-0.399	0.495	145.9
24.167	-0.141	7.191E-2	-0.422	-0.375	0.565	153.1
24.200	-0.159	6.331E-2	-0.481	-0.258	0.546	158.2
24.233	-0.174	5.471E-2	-0.457	-0.223	0.509	162.5
24.267	-0.189	4.846E-2	-0.434	-9.380E-2	0.444	165.6
24.300	-0.202	4.846E-2	-0.363	-3.517E-2	0.365	166.5
24.333	-0.213	4.612E-2	-0.328	-3.517E-2	0.330	167.8
24.367	-0.224	4.612E-2	-0.375	0.000	0.375	168.4
24.400	-0.238	4.612E-2	-0.340	2.345E-2	0.341	169.1
24.433	-0.247	4.768E-2	-0.234	7.035E-2	0.245	169.1
24.467	-0.254	5.081E-2	-0.188	8.207E-2	0.205	168.7
24.500	-0.260	5.315E-2	-0.223	7.035E-2	0.234	168.4
24.533	-0.269	5.550E-2	-0.199	9.380E-2	0.220	168.3
24.567	-0.273	5.940E-2	-5.862E-2	5.862E-2	8.290E-2	167.7
24.600	-0.273	5.940E-2	-0.106	4.690E-2	0.115	167.7
24.633	-0.280	6.253E-2	-0.106	8.207E-2	0.134	167.4
24.667	-0.280	6.488E-2	0.106	0.000	0.106	166.9
24.700	-0.273	6.253E-2	0.106	-3.517E-2	0.111	167.1
24.733	-0.273	6.253E-2	0.106	1.172E-2	0.106	167.1
24.767	-0.266	6.331E-2	0.246	-1.172E-2	0.246	166.6
24.800	-0.256	6.175E-2	0.223	-4.690E-2	0.228	166.5
24.833	-0.251	6.019E-2	0.129	-9.380E-2	0.159	166.5
24.867	-0.248	5.550E-2	0.223	-4.690E-2	0.228	167.4
24.900	-0.236	5.706E-2	0.317	-2.345E-2	0.317	166.4
24.933	-0.227	5.393E-2	0.340	-7.035E-2	0.347	166.6
24.967	-0.213	5.237E-2	0.375	-2.345E-2	0.376	166.2
25.000	-0.202	5.237E-2	0.481	0.129	0.498	165.4
25.033	-0.181	6.097E-2	0.492	0.246	0.551	161.4
25.067	-0.169	6.878E-2	0.516	0.317	0.605	157.8
25.100	-0.147	8.207E-2	0.539	0.410	0.678	150.8
25.133	-0.133	9.614E-2	0.363	0.539	0.650	144.1
25.167	-0.123	0.118	0.258	0.610	0.662	136.1
25.200	-0.116	0.137	0.176	0.633	0.657	130.2
25.233	-0.111	0.160	1.172E-2	0.750	0.750	124.7
25.267	-0.115	0.187	-0.223	0.844	0.873	121.6
25.300	-0.126	0.217	-0.434	0.832	0.939	120.2
25.333	-0.144	0.242	-0.645	0.645	0.912	120.7
25.367	-0.169	0.260	-0.903	0.387	0.982	123.0
25.400	-0.204	0.268	-1.090	5.862E-2	1.092	127.3
25.433	-0.242	0.263	-1.114	-0.328	1.161	132.5
25.467	-0.278	0.246	-0.961	-0.692	1.184	138.5
25.500	-0.306	0.217	-0.621	-0.985	1.165	144.6
25.533	-0.320	0.181	-0.246	-1.184	1.209	150.5
25.567	-0.322	0.138	0.164	-1.219	1.230	156.8
25.600	-0.309	9.927E-2	0.633	-1.102	1.271	162.2
25.633	-0.280	6.488E-2	1.090	-0.774	1.337	166.9
25.667	-0.236	4.768E-2	1.301	-0.234	1.322	168.6
25.700	-0.193	4.924E-2	1.372	0.293	1.403	165.7
25.733	-0.145	6.722E-2	1.149	0.844	1.426	155.1
25.767	-0.116	0.106	0.621	1.419	1.549	137.8
25.800	-0.103	0.162	9.380E-2	1.466	1.469	122.5
25.833	-0.110	0.203	-0.610	1.290	1.427	118.5
25.867	-0.144	0.248	-1.313	0.985	1.641	120.1
25.900	-0.198	0.269	-1.665	0.164	1.673	126.3
25.933	-0.255	0.259	-1.524	-0.774	1.709	134.6
25.967	-0.299	0.217	-0.973	-1.501	1.789	144.0
26.000	-0.320	0.159	-8.207E-2	-1.641	1.643	153.6
26.033	-0.305	0.108	0.891	-1.583	1.816	160.5
26.067	-0.260	5.315E-2	1.454	-0.879	1.699	168.5
26.100	-0.208	4.924E-2	1.841	0.281	1.862	166.7
26.133	-0.138	7.191E-2	1.559	1.149	1.937	152.4
26.167	-0.104	0.126	0.434	1.770	1.823	129.6
26.200	-0.109	0.190	-0.645	1.759	1.873	119.8
26.233	-0.147	0.243	-1.571	1.114	1.926	121.2
26.267	-0.213	0.264	-1.935	-2.345E-2	1.935	128.9
26.300	-0.276	0.242	-1.489	-1.325	1.993	138.8
26.333	-0.313	0.176	-0.469	-1.946	2.002	150.6
26.367	-0.307	0.112	0.657	-1.770	1.888	160.0
26.400	-0.269	5.784E-2	1.630	-1.020	1.923	167.9
26.433	-0.199	4.377E-2	2.075	0.293	2.096	167.6
26.467	-0.131	7.738E-2	1.419	1.653	2.178	149.3
26.500	-0.104	0.154	0.164	2.110	2.117	124.0
26.533	-0.120	0.218	-1.266	1.606	2.045	118.7
26.567	-0.188	0.261	-2.251	0.375	2.282	125.8
26.600	-0.270	0.243	-1.852	-1.372	2.305	138.0
26.633	-0.312	0.170	-0.481	-2.122	2.176	151.5
26.667	-0.302	0.102	1.055	-1.794	2.081	161.4
26.700	-0.242	5.002E-2	2.181	-0.598	2.261	168.3
26.733	-0.156	6.175E-2	2.064	1.266	2.421	158.4
26.767	-0.104	0.134	0.692	2.064	2.176	127.7
26.800	-0.110	0.199	-0.985	1.806	2.057	118.9
26.833	-0.170	0.255	-2.286	0.727	2.399	123.6
26.867	-0.263	0.248	-2.110	-1.208	2.431	136.7
26.900	-0.310	0.174	-0.621	-2.169	2.256	150.7
26.933	-0.304	0.103	1.161	-1.923	2.246	161.3
26.967	-0.233	4.612E-2	2.509	-0.481	2.555	168.8
27.000	-0.137	7.113E-2	2.028	1.524	2.537	152.5
27.033	-9.770E-2	0.148	0.106	2.333	2.336	123.5
27.067	-0.130	0.227	-1.817	1.700	2.489	119.8
27.100	-0.219	0.261	-2.521	-0.281	2.536	130.0
27.133	-0.298	0.208	-1.395	-1.970	2.414	145.1
27.167	-0.312	0.130	0.551	-2.333	2.397	157.4
27.200	-0.261	5.237E-2	2.181	-1.114	2.449	168.7
27.233	-0.166	5.550E-2	2.404	1.360	2.762	161.6
27.267	-0.101	0.143	0.563	2.685	2.743	125.2
27.300	-0.129	0.234	-1.688	1.770	2.446	118.8
27.333	-0.213	0.261	-2.286	-0.117	2.289	129.3
27.367	-0.281	0.227	-1.454	-2.017	2.486	141.1
27.400	-0.310	0.127	0.410	-2.544	2.577	157.8
27.433	-0.254	5.706E-2	2.532	-0.832	2.666	167.3
27.467	-0.141	7.113E-2	2.345	1.477	2.771	153.3
27.500	-9.770E-2	0.156	0.141	2.568	2.572	122.1
27.533	-0.132	0.242	-2.017	1.747	2.668	118.6
27.567	-0.232	0.272	-2.697	-0.692	2.784	130.5
27.600	-0.312	0.196	-1.172	-2.239	2.528	147.8
27.633	-0.310	0.123	1.337	-2.204	2.578	158.4
27.667	-0.223	4.924E-2	2.908	-0.492	2.949	167.5
27.700	-0.116	8.989E-2	1.759	2.345	2.931	142.3
27.733	-0.106	0.206	-1.008	2.744	2.923	117.2
27.767	-0.184	0.273	-2.767	0.680	2.849	124.0
27.800	-0.290	0.251	-2.075	-1.829	2.766	139.1
27.833	-0.322	0.151	0.129	-2.697	2.700	154.9
27.867	-0.281	7.113E-2	2.368	-1.454	2.779	165.8
27.900	-0.164	5.393E-2	2.872	1.301	3.154	161.8
27.933	-8.989E-2	0.158	0.363	3.025	3.047	119.7
27.967	-0.140	0.256	-2.462	1.677	2.979	118.7
28.000	-0.254	0.270	-2.814	-1.079	3.014	133.3
28.033	-0.328	0.184	-0.680	-2.755	2.838	150.7
28.067	-0.299	8.598E-2	1.700	-2.146	2.737	164.0
28.100	-0.214	4.064E-2	3.084	0.680	3.158	169.3
28.133	-9.380E-2	0.131	1.419	2.872	3.204	125.5
28.167	-0.120	0.232	-2.216	2.146	3.084	117.3
28.200	-0.242	0.274	-2.884	-0.422	2.915	131.4
28.233	-0.312	0.204	-1.067	-2.615	2.824	146.8
28.267	-0.313	0.100	1.712	-2.345	2.903	162.3
28.300	-0.198	4.768E-2	3.259	0.410	3.285	166.4
28.333	-9.536E-2	0.127	1.266	2.650	2.937	126.8
28.367	-0.113	0.224	-1.841	2.110	2.800	116.8
28.400	-0.218	0.268	-2.908	-0.457	2.943	129.1
28.433	-0.307	0.194	-1.231	-2.720	2.986	147.7
28.467	-0.300	8.676E-2	1.442	-2.134	2.575	163.9
28.500	-0.211	5.159E-2	3.025	0.832	3.137	166.3
28.533	-9.849E-2	0.142	1.149	2.919	3.137	124.7
28.567	-0.134	0.246	-2.204	1.712	2.791	118.6
28.600	-0.245	0.256	-2.685	-1.172	2.930	133.8
28.633	-0.313	0.168	-0.680	-2.591	2.679	151.8
28.667	-0.291	8.363E-2	2.239	-1.712	2.819	164.0
28.700	-0.164	5.393E-2	2.931	1.548	3.315	161.8
28.733	-9.536E-2	0.187	0.375	2.990	3.013	117.0
28.767	-0.139	0.253	-2.603	1.067	2.813	118.8
28.800	-0.269	0.258	-2.661	-1.630	3.121	136.2
28.833	-0.317	0.145	0.258	-2.990	3.001	155.4
28.867	-0.252	5.862E-2	3.037	-0.938	3.178	166.9
28.900	-0.114	8.207E-2	2.415	1.970	3.117	144.3
28.933	-9.067E-2	0.190	-0.926	2.837	2.985	115.5
28.967	-0.176	0.271	-3.060	0.703	3.140	123.0
29.000	-0.295	0.237	-1.970	-2.321	3.044	141.2
29.033	-0.307	0.116	1.313	-2.849	3.137	159.2
29.067	-0.207	4.690E-2	3.048	-0.340	3.067	167.2
29.100	-0.104	9.380E-2	1.723	2.275	2.854	137.9
29.133	-9.223E-2	0.199	-1.430	2.661	3.021	114.9
29.167	-0.199	0.271	-3.154	0.000	3.154	126.3
29.200	-0.302	0.199	-1.360	-2.767	3.083	146.7
29.233	-0.290	8.676E-2	1.864	-2.298	2.959	163.3
29.267	-0.178	4.533E-2	2.884	0.973	3.044	165.7
29.300	-9.770E-2	0.152	0.950	2.697	2.859	122.8
29.333	-0.115	0.225	-2.298	1.477	2.732	117.0
29.367	-0.251	0.250	-2.837	-1.137	3.057	135.1
29.400	-0.304	0.149	-0.270	-2.697	2.710	153.8
29.433	-0.269	7.035E-2	2.568	-1.266	2.863	165.3
29.467	-0.133	6.488E-2	2.661	1.841	3.236	154.0
29.500	-9.145E-2	0.193	-0.574	3.072	3.125	115.3
29.533	-0.171	0.270	-3.013	0.399	3.039	122.4
29.567	-0.292	0.220	-1.981	-2.298	3.034	143.1
29.600	-0.303	0.116	1.043	-2.615	2.815	159.0
29.633	-0.223	4.533E-2	2.908	-0.399	2.935	168.5
29.667	-0.109	8.989E-2	1.923	2.439	3.106	140.6
29.700	-9.458E-2	0.208	-1.595	2.708	3.143	114.5
29.733	-0.216	0.270	-3.212	-0.469	3.247	128.6
29.767	-0.309	0.177	-0.973	-2.755	2.922	150.2
29.800	-0.281	8.676E-2	1.946	-1.946	2.752	162.8
29.833	-0.179	4.690E-2	2.931	1.172	3.157	165.3
29.867	-8.520E-2	0.165	0.610	3.107	3.166	117.3
29.900	-0.138	0.254	-2.767	1.079	2.970	118.6
29.933	-0.270	0.237	-2.462	-1.712	2.999	138.7
29.967	-0.302	0.140	0.422	-2.708	2.741	155.2
30.000	-0.242	5.628E-2	2.685	-0.950	2.848	166.9
30.033	-0.123	7.660E-2	2.122	2.286	3.119	148.2
30.067	-0.100	0.209	-1.430	2.919	3.251	115.6
30.100	-0.219	0.271	-2.826	0.188	2.832	128.9
30.133	-0.288	0.221	-1.231	-2.298	2.607	142.5
30.167	-0.301	0.118	1.126	-2.673	2.900	158.6
30.200	-0.213	4.299E-2	2.872	-0.563	2.927	168.6
30.233	-0.109	8.051E-2	1.571	2.708	3.131	143.7
30.267	-0.109	0.224	-1.489	2.673	3.060	115.9
30.300	-0.209	0.259	-2.884	-0.516	2.930	128.9
30.333	-0.301	0.189	-1.137	-2.673	2.905	147.8
30.367	-0.285	8.051E-2	1.595	-2.228	2.740	164.2
30.400	-0.195	4.064E-2	2.755	0.786	2.865	168.2
30.433	-0.101	0.133	1.079	3.013	3.200	127.2
30.467	-0.123	0.242	-2.075	1.899	2.813	116.9
30.500	-0.239	0.260	-2.802	-1.090	3.007	132.7
30.533	-0.310	0.169	-0.504	-2.755	2.801	151.4
30.567	-0.273	7.582E-2	2.028	-1.806	2.716	164.5
30.600	-0.174	4.846E-2	2.802	1.360	3.115	164.5
30.633	-8.598E-2	0.166	0.375	3.166	3.188	117.3
30.667	-0.149	0.260	-2.626	1.102	2.848	119.9
30.700	-0.261	0.240	-2.333	-1.571	2.813	137.4
30.733	-0.305	0.155	-7.035E-2	-2.579	2.580	153.1
30.767	-0.266	6.800E-2	2.462	-1.536	2.902	165.6
30.800	-0.141	5.237E-2	2.732	1.571	3.151	159.6
30.833	-8.363E-2	0.173	-8.207E-2	3.025	3.026	115.8
30.867	-0.146	0.254	-2.650	1.126	2.879	119.9
30.900	-0.260	0.248	-2.474	-1.524	2.906	136.4
30.933	-0.311	0.152	-0.141	-2.720	2.724	153.9
30.967	-0.270	6.644E-2	2.544	-1.348	2.879	166.2
31.000	-0.141	6.253E-2	2.603	1.665	3.090	156.2
31.033	-9.614E-2	0.177	-5.862E-2	3.001	3.002	118.5
31.067	-0.145	0.263	-2.286	1.172	2.569	119.0
31.100	-0.249	0.256	-2.450	-1.489	2.867	134.2
31.133	-0.309	0.163	-0.188	-2.884	2.890	152.1
31.167	-0.261	6.331E-2	2.615	-1.489	3.009	166.4
31.200	-0.134	6.409E-2	2.568	1.841	3.159	154.5
31.233	-8.989E-2	0.186	-0.281	3.001	3.015	115.8
31.267	-0.153	0.264	-2.368	1.055	2.593	120.1
31.300	-0.248	0.256	-2.251	-1.184	2.544	134.0
31.333	-0.303	0.185	-0.492	-2.685	2.730	148.6
31.367	-0.281	7.738E-2	1.770	-2.263	2.873	164.6
31.400	-0.185	3.439E-2	2.814	0.703	2.900	169.5
31.433	-9.301E-2	0.124	1.067	2.896	3.086	126.8
31.467	-0.114	0.227	-2.028	2.028	2.868	116.6
31.500	-0.228	0.260	-2.849	-0.516	2.895	131.3
31.533	-0.304	0.193	-1.067	-2.345	2.576	147.6
31.567	-0.299	0.103	1.266	-2.286	2.614	161.0
31.600	-0.220	4.064E-2	2.931	-0.293	2.946	169.5
31.633	-0.104	8.363E-2	1.829	2.380	3.002	141.2
31.667	-9.770E-2	0.199	-1.255	2.744	3.017	116.1
31.700	-0.188	0.267	-2.861	0.234	2.870	125.1
31.733	-0.288	0.215	-1.723	-2.087	2.707	143.3
31.767	-0.302	0.127	0.645	-2.368	2.455	157.2
31.800	-0.245	5.706E-2	2.544	-0.950	2.716	166.9
31.833	-0.133	6.409E-2	2.404	1.630	2.904	154.2
31.867	-8.520E-2	0.166	2.345E-2	2.790	2.791	117.2
31.900	-0.131	0.250	-2.368	1.430	2.767	117.7
31.933	-0.243	0.261	-2.532	-1.043	2.739	133.0
31.967	-0.300	0.181	-0.586	-2.509	2.577	149.0
32.000	-0.282	9.380E-2	1.641	-2.064	2.637	161.6
32.033	-0.191	4.299E-2	2.579	-0.129	2.583	167.3
32.067	-0.110	8.520E-2	1.419	2.439	2.821	142.3
32.100	-9.614E-2	0.206	-1.055	2.697	2.896	115.1
32.133	-0.181	0.265	-2.720	0.258	2.732	124.3
32.167	-0.277	0.223	-1.852	-2.017	2.738	141.2
32.200	-0.304	0.131	0.258	-2.509	2.522	156.8
32.233	-0.260	5.550E-2	2.298	-1.184	2.585	168.0
32.267	-0.151	5.159E-2	2.556	1.278	2.858	161.1
32.300	-8.989E-2	0.141	0.317	2.802	2.820	122.6
32.333	-0.130	0.238	-2.087	1.864	2.798	118.6
32.367	-0.229	0.265	-2.474	-0.586	2.542	130.8
32.400	-0.295	0.199	-1.032	-2.368	2.583	145.9
32.433	-0.298	0.107	1.055	-2.333	2.561	160.2
32.467	-0.224	4.377E-2	2.755	-0.258	2.767	169.0
32.500	-0.114	8.989E-2	2.099	2.087	2.960	141.8
32.533	-8.442E-2	0.183	-0.481	2.591	2.635	114.8
32.567	-0.146	0.263	-2.368	1.184	2.648	119.1
32.600	-0.242	0.262	-2.275	-1.208	2.575	132.8
32.633	-0.298	0.182	-0.727	-2.404	2.511	148.6
32.667	-0.291	0.102	1.313	-2.064	2.446	160.7
32.700	-0.210	4.455E-2	2.755	-0.223	2.764	168.0
32.733	-0.107	8.676E-2	1.864	2.228	2.905	141.0
32.767	-8.598E-2	0.193	-0.633	2.626	2.702	114.0
32.800	-0.149	0.262	-2.474	0.891	2.629	119.7
32.833	-0.251	0.252	-2.286	-1.266	2.614	134.8
32.867	-0.302	0.177	-0.598	-2.357	2.431	149.5
32.900	-0.291	9.536E-2	1.137	-2.017	2.315	161.8
32.933	-0.226	4.299E-2	2.661	-0.234	2.672	169.2
32.967	-0.113	7.973E-2	2.017	2.040	2.869	144.9
33.000	-9.145E-2	0.179	-0.492	2.544	2.591	117.1
33.033	-0.146	0.249	-2.228	1.055	2.465	120.4
33.067	-0.240	0.249	-2.357	-0.938	2.536	133.9
33.100	-0.303	0.187	-0.938	-2.263	2.450	148.4
33.133	-0.302	9.849E-2	0.903	-2.239	2.414	162.0
33.167	-0.243	3.752E-2	2.415	-0.668	2.506	171.2
33.200	-0.141	5.393E-2	2.321	1.677	2.864	159.1
33.233	-8.832E-2	0.149	0.152	2.744	2.748	120.6
33.267	-0.131	0.237	-1.958	1.641	2.555	119.0
33.300	-0.219	0.259	-2.368	-0.363	2.396	130.2
33.333	-0.289	0.213	-1.313	-1.970	2.367	143.7
33.367	-0.306	0.127	0.363	-2.345	2.373	157.4
33.400	-0.265	5.628E-2	1.946	-1.290	2.335	168.0
33.433	-0.177	4.143E-2	2.462	0.750	2.574	166.8
33.467	-0.101	0.106	1.231	2.474	2.763	133.5
33.500	-9.458E-2	0.206	-0.774	2.333	2.458	114.6
33.533	-0.152	0.262	-2.345	0.633	2.429	120.2
33.567	-0.251	0.249	-2.239	-1.290	2.584	135.3
33.600	-0.302	0.176	-0.551	-2.239	2.306	149.8
33.633	-0.288	9.927E-2	1.337	-1.981	2.390	161.0
33.667	-0.213	4.377E-2	2.521	-0.328	2.542	168.4
33.700	-0.120	7.738E-2	2.005	1.806	2.698	147.1
33.733	-7.894E-2	0.164	0.117	2.321	2.324	115.7
33.767	-0.112	0.232	-1.583	1.665	2.297	115.7
33.800	-0.184	0.275	-2.439	7.035E-2	2.440	123.8
33.833	-0.274	0.237	-1.759	-1.653	2.414	139.2
33.867	-0.302	0.165	-0.117	-2.216	2.219	151.3
33.900	-0.282	8.911E-2	1.290	-1.841	2.248	162.5
33.933	-0.216	4.221E-2	2.392	-0.281	2.408	168.9
33.967	-0.123	7.035E-2	1.911	1.712	2.566	150.2
34.000	-8.832E-2	0.156	0.188	2.404	2.411	119.5
34.033	-0.110	0.231	-1.383	1.665	2.165	115.5
34.067	-0.181	0.267	-2.392	0.223	2.402	124.0
34.100	-0.270	0.245	-1.899	-1.348	2.329	137.7
34.133	-0.307	0.177	-0.375	-2.146	2.178	150.0
34.167	-0.295	0.102	0.997	-1.876	2.124	160.8
34.200	-0.241	5.237E-2	2.017	-0.750	2.152	167.7
34.233	-0.160	5.237E-2	2.239	0.997	2.451	161.9
34.267	-9.145E-2	0.119	1.090	2.228	2.480	127.6
34.300	-8.754E-2	0.201	-0.610	2.075	2.163	113.5
34.333	-0.132	0.257	-1.981	0.997	2.218	117.2
34.367	-0.220	0.267	-2.251	-0.504	2.307	129.4
34.400	-0.282	0.224	-1.301	-1.641	2.095	141.6
34.433	-0.306	0.158	0.152	-2.169	2.174	152.7
34.467	-0.272	7.894E-2	1.536	-1.630	2.239	163.8
34.500	-0.204	4.924E-2	2.228	-0.117	2.231	166.4
34.533	-0.123	7.113E-2	1.747	1.208	2.124	150.1
34.567	-8.754E-2	0.130	0.551	1.958	2.034	124.0
34.600	-8.676E-2	0.202	-0.903	2.075	2.263	113.3
34.633	-0.148	0.268	-1.993	0.938	2.203	118.9
34.667	-0.220	0.264	-2.110	-0.821	2.264	129.7
34.700	-0.288	0.213	-1.208	-1.559	1.972	143.5
34.733	-0.300	0.160	-1.172E-2	-1.770	1.770	151.9
34.767	-0.289	9.536E-2	0.915	-1.677	1.910	161.8
34.800	-0.239	4.846E-2	1.747	-0.797	1.920	168.5
34.833	-0.173	4.221E-2	1.981	0.621	2.077	166.3
34.867	-0.107	8.989E-2	1.231	1.665	2.071	140.0
34.900	-9.067E-2	0.153	9.380E-2	1.829	1.831	120.6
34.933	-0.101	0.212	-1.008	1.583	1.877	115.5
34.967	-0.158	0.259	-1.911	0.739	2.049	121.4
35.000	-0.228	0.261	-1.782	-0.481	1.846	131.2
35.033	-0.277	0.227	-1.149	-1.337	1.763	140.7
35.067	-0.305	0.172	-0.246	-1.911	1.927	150.6
35.100	-0.293	9.927E-2	0.692	-1.747	1.879	161.3
35.133	-0.259	5.550E-2	1.430	-0.903	1.691	167.9
35.167	-0.198	3.908E-2	1.723	-1.172E-2	1.724	168.8
35.200	-0.144	5.471E-2	1.501	0.891	1.745	159.2
35.233	-9.770E-2	9.849E-2	0.950	1.501	1.776	134.8
35.267	-8.051E-2	0.155	1.172E-2	1.759	1.759	117.5
35.300	-9.692E-2	0.216	-0.868	1.606	1.826	114.2
35.333	-0.138	0.262	-1.536	0.809	1.736	117.9
35.367	-0.199	0.270	-1.536	-0.117	1.540	126.5
35.400	-0.241	0.254	-1.255	-0.915	1.552	133.5
35.433	-0.283	0.209	-0.891	-1.430	1.685	143.6
35.467	-0.300	0.159	-0.106	-1.442	1.446	152.1
35.500	-0.290	0.113	0.633	-1.395	1.532	158.8
35.533	-0.258	6.566E-2	1.008	-0.950	1.385	165.7
35.567	-0.223	4.924E-2	1.290	-0.317	1.328	167.5
35.600	-0.172	4.455E-2	1.337	0.234	1.357	165.5
35.633	-0.134	6.488E-2	1.102	0.868	1.403	154.1
35.667	-9.849E-2	0.102	0.645	1.243	1.400	133.9
35.700	-9.067E-2	0.148	0.117	1.348	1.353	121.5
35.733	-9.067E-2	0.192	-0.293	1.337	1.368	115.2
35.767	-0.110	0.237	-0.774	1.032	1.290	115.0
35.800	-0.142	0.261	-1.079	0.563	1.217	118.6
35.833	-0.182	0.274	-1.196	0.199	1.212	123.6
35.867	-0.222	0.274	-1.032	-0.375	1.098	129.0
35.900	-0.251	0.249	-0.821	-0.657	1.051	135.2
35.933	-0.277	0.231	-0.633	-0.891	1.093	140.2
35.967	-0.293	0.190	-0.246	-1.126	1.152	147.1
36.000	-0.293	0.156	3.517E-2	-1.067	1.068	152.0
36.033	-0.291	0.119	0.164	-0.985	0.998	157.8
36.067	-0.282	8.989E-2	0.528	-0.668	0.851	162.3
36.100	-0.256	7.425E-2	0.797	-0.481	0.931	163.8
36.133	-0.229	5.784E-2	0.844	-0.352	0.915	165.8
36.167	-0.199	5.081E-2	0.821	-0.129	0.831	165.7
36.200	-0.174	4.924E-2	0.797	0.211	0.825	164.2
36.233	-0.146	6.488E-2	0.586	0.305	0.661	156.1
36.267	-0.135	6.957E-2	0.539	0.352	0.644	152.8
36.300	-0.110	8.832E-2	0.528	0.492	0.722	141.3
36.333	-0.100	0.102	0.328	0.692	0.766	134.3
36.367	-8.832E-2	0.134	0.176	0.668	0.691	123.3
36.400	-8.832E-2	0.147	0.000	0.563	0.563	121.0
36.433	-8.832E-2	0.172	0.000	0.586	0.586	117.2
36.467	-8.832E-2	0.186	-5.862E-2	0.469	0.473	115.4
36.500	-9.223E-2	0.203	-0.234	0.551	0.599	114.4
36.533	-0.104	0.223	-0.305	0.469	0.559	115.0
36.567	-0.113	0.234	-0.223	0.305	0.378	115.6
36.600	-0.119	0.243	-0.223	0.246	0.332	116.0
36.633	-0.127	0.251	-0.293	0.258	0.390	116.9
36.667	-0.138	0.260	-0.258	0.211	0.333	118.0
36.700	-0.145	0.265	-0.270	9.380E-2	0.286	118.6
36.733	-0.156	0.267	-0.305	3.517E-2	0.307	120.4
36.767	-0.165	0.267	-0.199	1.172E-2	0.200	121.7
36.800	-0.170	0.267	-0.152	7.035E-2	0.168	122.4
36.833	-0.175	0.272	-0.141	7.035E-2	0.157	122.8
36.867	-0.179	0.272	-0.152	0.000	0.152	123.3
36.900	-0.185	0.272	-9.380E-2	0.000	9.380E-2	124.3
36.933	-0.185	0.272	-4.690E-2	3.517E-2	5.862E-2	124.3
36.967	-0.188	0.274	-8.207E-2	7.035E-2	0.108	124.5
37.000	-0.191	0.277	-3.517E-2	3.517E-2	4.974E-2	124.6
37.033	-0.191	0.277	2.345E-2	0.000	2.345E-2	124.6
37.067	-0.189	0.277	8.207E-2	-2.345E-2	8.536E-2	124.4
37.100	-0.185	0.275	0.117	-3.517E-2	0.122	124.0
37.133	-0.181	0.274	0.152	-3.517E-2	0.156	123.5
37.167	-0.175	0.273	0.199	-4.690E-2	0.205	122.7
37.200	-0.168	0.271	0.223	-5.862E-2	0.230	121.8
37.233	-0.160	0.269	0.258	-0.176	0.312	120.8
37.267	-0.151	0.260	0.281	-0.176	0.332	120.2
37.300	-0.141	0.257	0.305	-8.207E-2	0.316	118.8
37.333	-0.131	0.254	0.281	-0.211	0.352	117.2
37.367	-0.123	0.243	0.281	-0.317	0.424	116.8
37.400	-0.112	0.233	0.258	-0.223	0.341	115.6
37.433	-0.106	0.228	0.223	-0.270	0.350	114.8
37.467	-9.692E-2	0.215	0.258	-0.492	0.556	114.3
37.500	-8.832E-2	0.195	0.176	-0.528	0.556	114.3
37.533	-8.520E-2	0.180	7.035E-2	-0.410	0.416	115.4
37.567	-8.363E-2	0.168	2.345E-2	-0.586	0.587	116.5
37.600	-8.363E-2	0.141	-0.117	-0.539	0.552	120.7
37.633	-9.145E-2	0.132	-0.141	-0.352	0.379	124.7
37.667	-9.301E-2	0.117	-0.199	-0.492	0.531	128.4
37.700	-0.105	9.927E-2	-0.317	-0.481	0.576	136.5
37.733	-0.114	8.520E-2	-0.387	-0.410	0.564	143.3
37.767	-0.131	7.191E-2	-0.492	-0.352	0.605	151.1
37.800	-0.147	6.175E-2	-0.516	-0.305	0.599	157.2
37.833	-0.165	5.159E-2	-0.621	-0.176	0.646	162.6
37.867	-0.188	5.002E-2	-0.703	-8.207E-2	0.708	165.1
37.900	-0.212	4.612E-2	-0.668	0.117	0.679	167.7
37.933	-0.233	5.784E-2	-0.668	0.328	0.745	166.1
37.967	-0.256	6.800E-2	-0.621	0.422	0.751	165.1
38.000	-0.274	8.598E-2	-0.469	0.633	0.788	162.6
38.033	-0.288	0.110	-0.305	0.821	0.875	159.0
38.067	-0.295	0.141	-0.176	0.938	0.954	154.5
38.100	-0.299	0.173	0.117	0.973	0.980	150.0
38.133	-0.287	0.206	0.457	0.879	0.991	144.4
38.167	-0.269	0.231	0.528	0.739	0.908	139.3
38.200	-0.252	0.255	0.774	0.551	0.950	134.6
38.233	-0.217	0.268	1.020	0.305	1.065	129.0
38.267	-0.184	0.275	0.868	-4.690E-2	0.869	123.7
38.300	-0.159	0.265	0.856	-0.410	0.949	121.0
38.333	-0.127	0.248	0.786	-0.574	0.973	117.1
38.367	-0.107	0.227	0.586	-0.821	1.009	115.3
38.400	-8.754E-2	0.193	0.328	-0.973	1.027	114.4
38.433	-8.520E-2	0.162	9.380E-2	-0.926	0.931	117.8
38.467	-8.129E-2	0.131	-0.188	-0.950	0.968	121.8
38.500	-9.770E-2	9.849E-2	-0.621	-0.926	1.115	134.8
38.533	-0.123	6.957E-2	-0.750	-0.645	0.989	150.5
38.567	-0.148	5.550E-2	-0.938	-0.387	1.015	159.4
38.600	-0.185	4.377E-2	-1.055	-0.129	1.063	166.7
38.633	-0.218	4.690E-2	-0.950	0.305	0.997	167.9
38.667	-0.249	6.409E-2	-1.020	0.868	1.339	165.5
38.700	-0.286	0.105	-0.750	1.043	1.285	159.9
38.733	-0.299	0.134	-8.207E-2	1.184	1.187	155.9
38.767	-0.292	0.184	0.446	1.325	1.398	147.8
38.800	-0.269	0.222	0.926	0.950	1.327	140.5
38.833	-0.230	0.247	1.219	0.574	1.348	132.9
38.867	-0.188	0.260	1.243	3.517E-2	1.243	125.8
38.900	-0.147	0.249	1.208	-0.481	1.300	120.5
38.933	-0.107	0.228	0.856	-0.856	1.210	115.1
38.967	-8.989E-2	0.192	0.387	-1.196	1.257	115.1
39.000	-8.129E-2	0.149	-4.690E-2	-1.255	1.255	118.7
39.033	-9.301E-2	0.109	-0.117	-0.551	0.563	130.6
39.067	-8.911E-2	0.112	-0.270	-0.586	0.645	128.6
39.100	-0.111	6.957E-2	-0.961	-0.997	1.385	147.9
39.133	-0.153	4.533E-2	-1.958	-0.281	1.978	163.5
39.167	-0.242	5.081E-2	-1.395	5.862E-2	1.396	168.1
39.200	-0.246	4.924E-2	-0.574	0.621	0.846	168.7
39.233	-0.280	9.223E-2	-0.692	1.688	1.825	161.8
39.267	-0.292	0.162	9.380E-2	1.700	1.703	151.0
39.300	-0.274	0.206	0.832	1.313	1.555	143.1
39.333	-0.237	0.249	1.430	0.809	1.643	133.5
39.367	-0.178	0.260	1.665	-0.117	1.669	124.5
39.400	-0.126	0.242	1.278	-0.856	1.538	117.5
39.433	-9.301E-2	0.202	0.750	-1.348	1.543	114.7
39.467	-7.582E-2	0.152	0.141	-1.419	1.426	116.6
39.500	-8.363E-2	0.108	-0.610	-1.348	1.480	127.8
39.533	-0.116	6.175E-2	-1.184	-1.055	1.586	152.1
39.567	-0.163	3.752E-2	-1.653	-0.281	1.677	167.0
39.600	-0.227	4.299E-2	-1.641	0.621	1.755	169.3
39.633	-0.272	7.894E-2	-0.973	1.618	1.888	163.8
39.667	-0.292	0.151	8.207E-2	1.993	1.995	152.6
39.700	-0.267	0.212	1.067	1.454	1.803	141.5
39.733	-0.220	0.248	1.618	0.563	1.713	131.7
39.767	-0.159	0.249	1.770	-0.387	1.812	122.5
39.800	-0.102	0.222	1.208	-1.114	1.643	114.8
39.833	-7.816E-2	0.175	0.363	-1.700	1.738	114.1
39.867	-7.816E-2	0.109	-0.539	-1.723	1.806	125.7
39.900	-0.114	6.019E-2	-1.337	-1.079	1.718	152.2
39.933	-0.167	3.674E-2	-1.712	-0.211	1.725	167.6
39.967	-0.228	4.612E-2	-1.630	0.797	1.814	168.6
40.000	-0.276	8.989E-2	-0.856	1.794	1.988	162.0
40.033	-0.285	0.166	0.528	2.192	2.255	149.9
40.067	-0.241	0.236	1.817	1.325	2.249	135.6
40.100	-0.164	0.254	1.993	-0.129	1.997	122.9
40.133	-0.108	0.227	1.337	-1.278	1.849	115.4
40.167	-7.504E-2	0.169	0.434	-1.759	1.811	114.0
40.200	-7.894E-2	0.110	-0.680	-1.700	1.831	125.6
40.233	-0.120	5.550E-2	-1.606	-1.114	1.955	155.2
40.267	-0.186	3.595E-2	-2.099	0.129	2.103	169.1
40.300	-0.260	6.409E-2	-1.536	1.548	2.180	166.2
40.333	-0.288	0.139	1.172E-2	2.321	2.321	154.2
40.367	-0.260	0.219	1.477	1.747	2.288	139.9
40.400	-0.190	0.256	2.169	0.270	2.186	126.6
40.433	-0.115	0.237	1.665	-0.973	1.928	115.9
40.467	-7.894E-2	0.191	0.574	-1.782	1.872	112.5
40.500	-7.660E-2	0.118	-0.481	-1.981	2.039	123.0
40.533	-0.111	5.862E-2	-1.677	-1.231	2.080	152.2
40.567	-0.188	3.595E-2	-2.321	0.188	2.329	169.2
40.600	-0.266	7.113E-2	-1.512	1.712	2.284	165.0
40.633	-0.289	0.150	0.387	2.509	2.539	152.6
40.667	-0.240	0.238	1.829	1.606	2.434	135.2
40.700	-0.167	0.257	2.157	-0.305	2.179	123.0
40.733	-9.614E-2	0.218	1.430	-1.595	2.142	113.8
40.767	-7.191E-2	0.151	0.117	-1.970	1.973	115.5
40.800	-8.832E-2	8.676E-2	-1.290	-1.677	2.115	135.5
40.833	-0.158	3.908E-2	-2.251	-0.469	2.299	166.1
40.867	-0.238	5.550E-2	-1.911	1.372	2.352	166.9
40.900	-0.285	0.131	-0.223	2.556	2.566	155.4
40.933	-0.253	0.226	1.735	1.864	2.547	138.3
40.967	-0.170	0.255	2.404	-3.517E-2	2.404	123.6
41.000	-9.301E-2	0.224	1.442	-1.512	2.090	112.6
41.033	-7.347E-2	0.154	-4.690E-2	-2.228	2.228	115.5
41.067	-9.614E-2	7.504E-2	-1.430	-1.759	2.267	142.0
41.100	-0.169	3.674E-2	-2.439	-0.117	2.442	167.7
41.133	-0.259	6.722E-2	-1.653	1.782	2.431	165.4
41.167	-0.279	0.156	0.504	2.779	2.824	150.9
41.200	-0.225	0.252	1.993	1.454	2.467	131.7
41.233	-0.146	0.252	2.169	-0.797	2.311	120.1
41.267	-8.051E-2	0.199	1.067	-1.923	2.199	112.0
41.300	-7.504E-2	0.124	-0.551	-2.110	2.181	121.1
41.333	-0.117	5.862E-2	-2.310	-1.266	2.634	153.4
41.367	-0.229	3.986E-2	-2.544	0.950	2.716	170.1
41.400	-0.287	0.122	-0.516	2.697	2.746	157.0
41.433	-0.263	0.220	1.759	2.181	2.802	140.2
41.467	-0.170	0.267	2.650	-0.117	2.652	122.4
41.500	-8.676E-2	0.212	1.524	-1.806	2.363	112.3
41.533	-6.800E-2	0.147	-0.258	-2.122	2.138	114.8
41.567	-0.104	7.035E-2	-2.087	-1.700	2.692	145.9
41.600	-0.207	3.361E-2	-2.579	0.270	2.593	170.8
41.633	-0.276	8.832E-2	-0.973	2.732	2.900	162.2
41.667	-0.272	0.216	1.430	2.626	2.991	141.6
41.700	-0.181	0.263	2.650	0.305	2.667	124.4
41.733	-9.536E-2	0.236	1.712	-1.688	2.404	112.0
41.767	-6.644E-2	0.151	1.172E-2	-2.357	2.357	113.8
41.800	-9.458E-2	7.894E-2	-1.981	-1.759	2.649	140.1
41.833	-0.199	3.361E-2	-2.802	0.258	2.814	170.4
41.867	-0.281	9.614E-2	-1.219	2.661	2.927	161.1
41.900	-0.280	0.211	1.489	2.568	2.968	143.0
41.933	-0.182	0.267	2.685	0.422	2.718	124.3
41.967	-0.101	0.239	1.841	-1.806	2.578	112.9
42.000	-5.940E-2	0.147	0.106	-2.474	2.476	112.0
42.033	-9.380E-2	7.425E-2	-2.169	-1.653	2.727	141.6
42.067	-0.204	3.674E-2	-2.966	0.645	3.036	169.8
42.100	-0.292	0.117	-0.950	2.767	2.925	158.1
42.133	-0.267	0.221	1.770	2.228	2.845	140.4
42.167	-0.174	0.266	2.744	4.690E-2	2.744	123.1
42.200	-8.442E-2	0.224	1.606	-1.993	2.560	110.6
42.233	-6.644E-2	0.133	-0.422	-2.568	2.602	116.6
42.267	-0.113	5.315E-2	-2.650	-1.231	2.922	154.7
42.300	-0.243	5.081E-2	-2.779	1.301	3.068	168.2
42.333	-0.298	0.140	0.129	3.001	3.004	154.8
42.367	-0.234	0.251	2.439	1.794	3.027	133.1
42.400	-0.135	0.260	2.521	-1.079	2.742	117.5
42.433	-6.644E-2	0.179	0.844	-2.486	2.625	110.4
42.467	-7.894E-2	9.380E-2	-1.700	-2.087	2.692	130.1
42.500	-0.180	3.986E-2	-2.814	-0.117	2.816	167.5
42.533	-0.267	8.598E-2	-1.501	2.450	2.873	162.1
42.567	-0.280	0.203	1.184	2.591	2.849	144.0
42.600	-0.188	0.259	2.685	0.317	2.703	125.9
42.633	-0.101	0.224	1.770	-1.923	2.614	114.2
42.667	-6.957E-2	0.131	-0.281	-2.509	2.525	118.1
42.700	-0.120	5.706E-2	-2.532	-1.079	2.753	154.5
42.733	-0.238	5.862E-2	-2.486	1.747	3.038	166.2
42.767	-0.285	0.174	0.457	3.001	3.036	148.7
42.800	-0.208	0.259	2.708	0.985	2.882	128.8
42.833	-0.105	0.239	2.099	-1.501	2.580	113.6
42.867	-6.800E-2	0.159	2.345E-2	-2.509	2.509	113.2
42.900	-0.103	7.191E-2	-2.110	-1.677	2.695	145.1
42.933	-0.209	4.690E-2	-2.685	1.079	2.893	167.3
42.967	-0.282	0.144	-3.517E-2	3.107	3.107	153.0
43.000	-0.211	0.254	2.321	1.641	2.843	129.7
43.033	-0.127	0.253	2.216	-1.231	2.535	116.7
43.067	-6.331E-2	0.172	0.668	-2.310	2.404	110.2
43.100	-8.285E-2	9.927E-2	-1.641	-1.958	2.555	129.8
43.133	-0.173	4.143E-2	-2.814	-3.517E-2	2.814	166.5
43.167	-0.270	9.692E-2	-1.172	2.861	3.092	160.3
43.200	-0.251	0.232	1.817	2.415	3.023	137.2
43.233	-0.149	0.258	2.673	-0.492	2.718	120.1
43.267	-7.269E-2	0.199	1.090	-2.192	2.449	110.0
43.300	-7.660E-2	0.112	-1.231	-2.368	2.669	124.4
43.333	-0.155	4.143E-2	-2.615	-0.715	2.711	165.0
43.367	-0.251	6.409E-2	-1.700	2.556	3.070	165.7
43.400	-0.268	0.212	1.102	3.001	3.197	141.7
43.433	-0.177	0.264	2.744	0.176	2.749	123.9
43.467	-8.520E-2	0.224	1.759	-1.852	2.554	110.9
43.500	-6.019E-2	0.141	-0.375	-2.427	2.456	113.2
43.533	-0.110	6.175E-2	-2.521	-1.184	2.785	150.7
43.567	-0.228	6.175E-2	-2.568	1.501	2.974	164.9
43.600	-0.281	0.162	0.270	2.931	2.943	150.1
43.633	-0.210	0.257	2.603	1.219	2.874	129.3
43.667	-0.108	0.243	2.181	-1.501	2.647	113.9
43.700	-6.488E-2	0.157	0.211	-2.486	2.495	112.4
43.733	-9.380E-2	7.738E-2	-2.239	-1.395	2.638	140.5
43.767	-0.214	6.409E-2	-2.802	1.102	3.011	163.3
43.800	-0.281	0.151	-2.345E-2	2.790	2.791	151.7
43.833	-0.216	0.250	2.497	1.512	2.920	130.8
43.867	-0.114	0.252	2.239	-1.548	2.722	114.4
43.900	-6.644E-2	0.147	0.293	-2.638	2.654	114.3
43.933	-9.458E-2	7.582E-2	-1.653	-1.583	2.289	141.3
43.967	-0.177	4.143E-2	-2.673	0.539	2.727	166.8
44.000	-0.273	0.112	-1.184	2.685	2.934	157.7
44.033	-0.256	0.220	1.829	2.204	2.864	139.2
44.067	-0.151	0.259	2.626	-0.223	2.636	120.2
44.100	-8.051E-2	0.206	1.149	-2.110	2.403	111.4
44.133	-7.425E-2	0.118	-0.961	-2.357	2.545	122.2
44.167	-0.145	4.846E-2	-2.720	-0.692	2.807	161.5
44.200	-0.256	7.191E-2	-1.946	2.310	3.020	164.3
44.233	-0.274	0.202	0.926	2.849	2.996	143.6
44.267	-0.194	0.262	2.638	0.469	2.679	126.5
44.300	-9.849E-2	0.234	1.946	-1.595	2.516	112.9
44.333	-6.409E-2	0.156	-0.152	-2.462	2.467	112.4
44.367	-0.109	6.957E-2	-2.380	-1.536	2.833	147.4
44.400	-0.223	5.315E-2	-2.568	0.985	2.750	166.6
44.433	-0.280	0.135	-0.188	2.755	2.762	154.2
44.467	-0.235	0.237	2.052	1.794	2.725	134.8
44.500	-0.143	0.255	2.415	-0.657	2.503	119.3
44.533	-7.425E-2	0.193	0.844	-2.427	2.570	111.0
44.567	-8.676E-2	9.301E-2	-1.219	-2.216	2.529	133.0
44.600	-0.156	4.533E-2	-2.638	-0.188	2.645	163.8
44.633	-0.263	8.051E-2	-1.841	2.169	2.845	163.0
44.667	-0.278	0.190	0.879	2.661	2.803	145.7
44.700	-0.204	0.258	2.556	0.692	2.648	128.3
44.733	-0.108	0.236	2.028	-1.595	2.580	114.6
44.767	-6.878E-2	0.152	0.141	-2.310	2.314	114.4
44.800	-9.849E-2	8.207E-2	-2.017	-1.559	2.549	140.2
44.833	-0.203	4.768E-2	-2.661	0.563	2.720	166.8
44.867	-0.276	0.120	-0.668	2.790	2.869	156.6
44.900	-0.248	0.234	1.817	2.040	2.732	136.7
44.933	-0.155	0.256	2.427	-0.317	2.448	121.2
44.967	-8.598E-2	0.213	1.184	-1.864	2.208	112.0
45.000	-7.582E-2	0.131	-0.598	-2.321	2.397	120.0
45.033	-0.126	5.784E-2	-2.310	-1.137	2.575	155.3
45.067	-0.230	5.550E-2	-2.497	1.337	2.832	166.4
45.100	-0.292	0.147	-0.246	2.755	2.766	153.3
45.133	-0.246	0.239	2.192	1.653	2.746	135.8
45.167	-0.146	0.257	2.357	-0.434	2.396	119.6
45.200	-8.911E-2	0.210	1.090	-1.993	2.272	113.0
45.233	-7.347E-2	0.124	-0.692	-2.321	2.422	120.6
45.267	-0.135	5.550E-2	-2.568	-0.903	2.722	157.7
45.300	-0.245	6.409E-2	-2.263	1.501	2.715	165.3
45.333	-0.286	0.156	0.211	2.650	2.658	151.5
45.367	-0.231	0.241	2.263	1.454	2.690	133.8
45.400	-0.135	0.252	2.275	-0.703	2.381	118.2
45.433	-7.894E-2	0.194	0.879	-2.087	2.265	112.2
45.467	-7.660E-2	0.113	-0.680	-2.169	2.273	124.1
45.500	-0.124	4.924E-2	-2.427	-0.868	2.577	158.4
45.533	-0.238	5.550E-2	-2.486	1.243	2.779	166.9
45.567	-0.290	0.132	-5.862E-2	2.556	2.557	155.5
45.600	-0.242	0.226	1.899	1.782	2.605	137.0
45.633	-0.163	0.251	2.310	-0.352	2.336	123.1
45.667	-8.832E-2	0.202	1.301	-1.759	2.188	113.6
45.700	-7.660E-2	0.134	-0.492	-2.157	2.213	119.8
45.733	-0.121	5.862E-2	-2.052	-1.383	2.475	154.2
45.767	-0.213	4.143E-2	-2.450	0.797	2.577	169.0
45.800	-0.285	0.112	-0.961	2.556	2.731	158.6
45.833	-0.277	0.212	1.700	2.192	2.774	142.6
45.867	-0.171	0.258	2.556	0.234	2.567	123.6
45.900	-0.107	0.227	1.395	-1.618	2.136	115.2
45.933	-7.816E-2	0.150	-3.517E-2	-2.204	2.204	117.5
45.967	-0.109	8.051E-2	-1.794	-1.606	2.408	143.7
46.000	-0.198	4.299E-2	-2.579	0.246	2.591	167.7
46.033	-0.281	9.692E-2	-1.313	2.263	2.616	161.0
46.067	-0.285	0.194	1.008	2.380	2.585	145.8
46.100	-0.214	0.256	2.286	0.832	2.433	130.0
46.133	-0.133	0.249	1.981	-1.043	2.239	118.1
46.167	-8.207E-2	0.186	0.586	-2.157	2.236	113.8
46.200	-9.380E-2	0.106	-1.137	-2.028	2.325	131.6
46.233	-0.158	5.081E-2	-2.321	-0.633	2.406	162.2
46.267	-0.249	6.331E-2	-1.981	1.782	2.665	165.7
46.300	-0.290	0.170	-2.345E-2	2.650	2.650	149.7
46.333	-0.250	0.240	1.876	1.337	2.303	136.2
46.367	-0.165	0.259	2.275	-0.305	2.295	122.5
46.400	-9.849E-2	0.220	1.301	-1.782	2.207	114.2
46.433	-7.816E-2	0.140	-0.281	-2.216	2.234	119.2
46.467	-0.117	7.191E-2	-1.923	-1.454	2.411	148.5
46.500	-0.206	4.299E-2	-2.474	0.293	2.491	168.2
46.533	-0.282	9.145E-2	-1.172	2.368	2.643	162.0
46.567	-0.285	0.201	0.950	2.392	2.573	144.8
46.600	-0.219	0.251	2.028	0.879	2.211	131.1
46.633	-0.149	0.260	1.911	-0.821	2.080	119.9
46.667	-9.145E-2	0.196	0.879	-2.122	2.297	115.0
46.700	-9.067E-2	0.118	-0.703	-2.064	2.180	127.5
46.733	-0.138	5.862E-2	-1.970	-1.032	2.224	157.0
46.767	-0.222	4.924E-2	-2.122	0.610	2.208	167.5
46.800	-0.280	9.927E-2	-0.997	2.169	2.387	160.5
46.833	-0.288	0.194	1.137	2.392	2.648	146.1
46.867	-0.204	0.259	2.286	0.844	2.437	128.3
46.900	-0.136	0.250	1.700	-1.161	2.059	118.5
46.933	-9.067E-2	0.181	0.668	-2.052	2.158	116.6
46.967	-9.145E-2	0.113	-0.762	-1.841	1.992	128.9
47.000	-0.141	5.862E-2	-2.087	-0.973	2.303	157.5
47.033	-0.231	4.846E-2	-2.204	0.774	2.336	168.1
47.067	-0.288	0.110	-0.727	2.216	2.332	159.1
47.100	-0.279	0.196	1.290	2.146	2.503	144.9
47.133	-0.202	0.253	2.321	0.645	2.409	128.6
47.167	-0.124	0.239	1.759	-1.032	2.039	117.5
47.200	-8.520E-2	0.184	0.598	-1.770	1.869	114.8
47.233	-8.442E-2	0.121	-0.680	-1.817	1.940	124.9
47.267	-0.131	6.331E-2	-1.958	-1.161	2.276	154.1
47.300	-0.215	4.377E-2	-2.052	0.281	2.071	168.5
47.333	-0.267	8.207E-2	-1.172	1.806	2.153	162.9
47.367	-0.293	0.164	0.246	2.228	2.241	150.8
47.400	-0.251	0.231	2.181	1.278	2.528	137.4
47.433	-0.148	0.249	2.263	-0.281	2.280	120.6
47.467	-0.100	0.212	1.055	-1.559	1.883	115.3
47.500	-7.738E-2	0.145	-0.152	-1.899	1.905	118.0
47.533	-0.110	8.520E-2	-1.641	-1.559	2.264	142.3
47.567	-0.187	4.143E-2	-2.216	-0.211	2.226	167.5
47.600	-0.258	7.113E-2	-1.618	1.395	2.136	164.6
47.633	-0.295	0.134	-0.176	2.204	2.211	155.5
47.667	-0.270	0.218	1.407	1.888	2.354	141.0
47.700	-0.201	0.260	2.075	0.352	2.105	127.7
47.733	-0.131	0.242	1.595	-1.102	1.938	118.5
47.767	-9.458E-2	0.187	0.551	-1.712	1.798	116.9
47.800	-9.458E-2	0.127	-0.469	-1.794	1.854	126.6
47.833	-0.126	6.722E-2	-1.770	-1.301	2.197	151.9
47.867	-0.213	4.064E-2	-2.192	0.293	2.212	169.2
47.900	-0.272	8.676E-2	-1.395	1.817	2.291	162.3
47.933	-0.306	0.162	7.035E-2	2.064	2.065	152.1
47.967	-0.267	0.224	1.876	1.524	2.417	140.0
48.000	-0.181	0.263	2.192	0.000	2.192	124.4
48.033	-0.121	0.224	1.383	-1.266	1.875	118.4
48.067	-8.832E-2	0.179	0.492	-1.466	1.546	116.3
48.100	-8.832E-2	0.127	-0.469	-1.630	1.696	124.9
48.133	-0.120	7.035E-2	-1.653	-1.255	2.075	149.5
48.167	-0.199	4.299E-2	-2.099	0.000	2.099	167.8
48.200	-0.260	7.035E-2	-1.454	1.255	1.920	164.8
48.233	-0.295	0.127	-0.492	2.028	2.087	156.8
48.267	-0.292	0.206	1.043	1.841	2.116	144.9
48.300	-0.226	0.249	2.075	0.727	2.199	132.2
48.333	-0.154	0.254	1.817	-0.504	1.886	121.2
48.367	-0.105	0.216	0.997	-1.313	1.648	115.9
48.400	-8.754E-2	0.166	2.345E-2	-1.723	1.724	117.7
48.433	-0.103	0.101	-0.903	-1.571	1.812	135.7
48.467	-0.148	6.175E-2	-1.559	-0.750	1.730	157.3
48.500	-0.207	5.081E-2	-1.735	9.380E-2	1.738	166.2
48.533	-0.263	6.800E-2	-1.442	1.278	1.927	165.5
48.567	-0.303	0.136	-0.375	2.064	2.097	155.8
48.600	-0.288	0.206	1.020	1.759	2.033	144.5
48.633	-0.235	0.253	1.770	0.856	1.966	132.9
48.667	-0.170	0.263	1.770	-0.363	1.807	123.0
48.700	-0.117	0.229	1.184	-1.055	1.586	117.1
48.733	-9.145E-2	0.192	0.422	-1.383	1.446	115.4
48.767	-8.911E-2	0.137	-0.293	-1.618	1.644	123.1
48.800	-0.111	8.442E-2	-1.208	-1.266	1.750	142.7
48.833	-0.170	5.237E-2	-1.852	-0.528	1.926	162.8
48.867	-0.234	4.924E-2	-1.653	0.516	1.732	168.1
48.900	-0.280	8.676E-2	-1.008	1.407	1.731	162.8
48.933	-0.302	0.143	-0.129	1.677	1.682	154.6
48.967	-0.288	0.199	0.903	1.454	1.711	145.5
49.000	-0.242	0.240	1.536	0.856	1.758	135.2
49.033	-0.186	0.256	1.501	9.380E-2	1.504	126.0
49.067	-0.141	0.246	1.196	-0.762	1.418	119.9
49.100	-0.106	0.205	0.727	-1.301	1.491	117.4
49.133	-9.301E-2	0.159	0.164	-1.208	1.219	120.3
49.167	-9.536E-2	0.124	-0.387	-1.172	1.235	127.5
49.200	-0.119	8.129E-2	-1.032	-1.032	1.459	145.6
49.233	-0.164	5.550E-2	-1.512	-0.598	1.626	161.3
49.267	-0.220	4.143E-2				169.3
